4.151409845715863689e+00
3.069127268847635648e+00
2.750008252233109296e+00
2.490226920802783184e+00
2.255029552296916595e+00
2.044445943867974069e+00
1.864522575301724938e+00
1.718098962589277523e+00
1.590492845492540441e+00
1.479167113877783102e+00
1.401419179778947255e+00
1.324058003727986987e+00
1.253604383198518635e+00
1.188680313987235060e+00
1.134166715575475104e+00
1.081732342177208039e+00
1.034324311486324532e+00
9.913456518201688716e-01
9.493980357391038627e-01
9.072984714687091223e-01
8.730795737806162915e-01
8.389878166387616520e-01
8.036711041015405232e-01
7.732505827228015605e-01
7.418961130527514936e-01
7.125683431732017237e-01
6.881990659290211365e-01
6.625528217348637394e-01
6.388954653820994034e-01
6.150676508651344854e-01
5.920797908859619652e-01
5.693787891545989410e-01
5.499588890705989774e-01
5.288002794177523169e-01
5.086987260310543713e-01
4.875836036745029856e-01
4.690757087316152485e-01
4.513300279093248601e-01
4.326525027653352895e-01
4.117872306534224869e-01
3.939255557098216287e-01
3.765828501553613594e-01
3.587323106550994734e-01
3.418503556787754749e-01
3.236035610352414049e-01
3.053460257044181558e-01
2.847430413033568697e-01
2.631104976212468305e-01
2.343252063533512730e-01
8.970982012308077735e-02
