3.780342256405335277e+00
2.829483413318698126e+00
2.553106145151719186e+00
2.323911416695340293e+00
2.116799809731841009e+00
1.928829788266893441e+00
1.772401087765979932e+00
1.642949238592732897e+00
1.530860130890489446e+00
1.435170465225956260e+00
1.365180839552006420e+00
1.295579058848226772e+00
1.232989638992448622e+00
1.175515823194965614e+00
1.127603733773026251e+00
1.081641021597859353e+00
1.039184840833646373e+00
9.994830717450622348e-01
9.628557488545639309e-01
9.235507255733317322e-01
8.944640766552890421e-01
8.648733454513454211e-01
8.329377087264865365e-01
8.071719548059351768e-01
7.790982063903831856e-01
7.536944849806772595e-01
7.287596957559270283e-01
7.050123135401307195e-01
6.852274961478088677e-01
6.637996597562251244e-01
6.421271419859939655e-01
6.228892056363065644e-01
6.046762488716792561e-01
5.841212981460295328e-01
5.656057042250741684e-01
5.472672215262739392e-01
5.305423365719101891e-01
5.122605266803481605e-01
4.949583535124280065e-01
4.765184187977870023e-01
4.585503228770718698e-01
4.420157772923075101e-01
4.246116880438421948e-01
4.078658318064535271e-01
3.905187106836027766e-01
3.730839453877169976e-01
3.522928141000103430e-01
3.297313102176039346e-01
3.021347731221390442e-01
1.057511732950889849e-01
