7.607958539585849778e+00
5.555138636149184350e+00
5.075535842734919534e+00
4.677200139863720629e+00
4.312298100555744362e+00
3.948969218156658023e+00
3.572507851409225221e+00
3.293877416798866253e+00
3.049465521311707228e+00
2.813813413062148161e+00
2.627858939404363436e+00
2.465470750829448665e+00
2.326282718101361002e+00
2.203880207805103630e+00
2.089645807881061135e+00
1.981339376684569720e+00
1.886664445949701063e+00
1.801222680720710567e+00
1.722972949835894774e+00
1.644582268136715042e+00
1.572509546913382517e+00
1.503567824262374897e+00
1.433323446086616215e+00
1.378702564209019155e+00
1.318691680451054893e+00
1.267449533222504421e+00
1.219436931875450325e+00
1.170402563151716979e+00
1.123913893104089956e+00
1.078928919277482912e+00
1.033716825556269647e+00
9.932914735970688191e-01
9.573076083936730152e-01
9.173907597798789393e-01
8.800484737343982067e-01
8.433352993935335773e-01
8.133155776595368813e-01
7.793029804616945500e-01
7.472483585615483648e-01
7.175385294673813918e-01
6.875786664409099247e-01
6.633532233273398138e-01
6.355494264598281484e-01
6.119715422319577103e-01
5.874890972346320517e-01
5.622694176400162558e-01
5.398120315574140848e-01
5.162367678180397323e-01
4.949596453608210433e-01
4.752237755158988941e-01
4.565890020791478210e-01
4.360987517659263846e-01
4.184073433868488734e-01
3.990852109944308390e-01
3.809710660541336669e-01
3.633620205403985115e-01
3.450629499959635416e-01
3.298714567595317781e-01
3.140291979400363087e-01
3.004846042541197693e-01
2.851465739726604665e-01
2.713963743662444750e-01
2.580542913549208062e-01
2.436961484046056836e-01
2.300837149422077510e-01
2.174747727866576941e-01
2.047513122396358576e-01
1.916178789741702360e-01
1.817519725132917263e-01
1.715329012283867138e-01
1.607549885224666686e-01
1.512862783642955067e-01
1.421066197462340641e-01
1.320337148079923639e-01
1.231401711670219584e-01
1.142823778703460635e-01
1.056102159108726624e-01
9.835667140137076270e-02
9.055515591365301264e-02
8.341691836418595185e-02
7.645717569831518567e-02
6.989533993519829458e-02
6.347439002805731201e-02
5.796888567472428810e-02
5.223468423028805596e-02
4.696215197208208209e-02
4.161017193543573023e-02
3.697645805139017361e-02
3.241749806579105608e-02
2.810277600736314080e-02
2.409939792507621512e-02
2.050411994930136442e-02
1.750628340854657947e-02
1.427584359405506195e-02
1.152395539878138878e-02
8.806386813125063190e-03
6.655430108186003064e-03
4.684173280149897013e-03
2.896982166994517809e-03
1.386031412885048658e-03
