3.642890406218879829e+00
2.740105934368219032e+00
2.477721279377453900e+00
2.258330339787662844e+00
2.064314526784057691e+00
1.885286307800484673e+00
1.736518659111208951e+00
1.616199141728111410e+00
1.508861992819934938e+00
1.416392472271518876e+00
1.350756486311625260e+00
1.283887534010870191e+00
1.223199856083216686e+00
1.169458042651730700e+00
1.123545451252810023e+00
1.080668777820649851e+00
1.039266416221289013e+00
1.004193915080541455e+00
9.686634538913706516e-01
9.316101659872589869e-01
9.022991725372403460e-01
8.731555003005488924e-01
8.437117440786452427e-01
8.181332482129198835e-01
7.917694104983383774e-01
7.673274667700696883e-01
7.445124958644590007e-01
7.223417480235235777e-01
7.025082773504461864e-01
6.816702069918436635e-01
6.627012727450837248e-01
6.411737657476614949e-01
6.236166071932131016e-01
6.061654930394330121e-01
5.881943851795611300e-01
5.697749155345077643e-01
5.533132474651574206e-01
5.356518238356657857e-01
5.193121564847578142e-01
5.014714976085669074e-01
4.839730731859188673e-01
4.669545210494925325e-01
4.495480910001652397e-01
4.338765180049227732e-01
4.174156722157067456e-01
4.000024043452702904e-01
3.798160591838841138e-01
3.569147451385620839e-01
3.289353292557147812e-01
1.118879915798177971e-01
