4.420551418546478040e+00
3.243018207060702984e+00
2.895480340949902587e+00
2.608802267070885694e+00
2.355624773467699384e+00
2.122291688375729457e+00
1.931718350200145817e+00
1.772055691533576338e+00
1.630839754350392967e+00
1.510393677632954956e+00
1.423315227537441663e+00
1.336399363891539238e+00
1.265188343367294577e+00
1.191930478979165819e+00
1.134781896350385288e+00
1.077158046989928453e+00
1.028373594615450859e+00
9.779173502564172393e-01
9.365293065818476315e-01
8.897889983949290871e-01
8.537961318907332231e-01
8.152932055794015476e-01
7.800316364217667608e-01
7.481160904504278175e-01
7.150503500224172360e-01
6.853040673344823475e-01
6.580451367793913597e-01
6.307085825828516734e-01
6.047691608244787353e-01
5.785778831748156215e-01
5.565075489429315292e-01
5.309393363881889094e-01
5.115711739747642595e-01
4.892282175209867745e-01
4.701254214357282746e-01
4.479536669978955166e-01
4.292825309581102533e-01
4.103305090093163354e-01
3.898698494044130491e-01
3.706156978780198452e-01
3.511346035954392431e-01
3.323540869486095728e-01
3.149462466326515275e-01
2.978356831442341424e-01
2.795851847581177219e-01
2.604628893781769094e-01
2.409853238931678743e-01
2.196605134334440601e-01
1.929209625546144391e-01
8.183953193755544309e-02
