5.682618426362423314e+00
4.243834088076955169e+00
3.911778042707353631e+00
3.627538802459531642e+00
3.373530486914460003e+00
3.129634374139392161e+00
2.863633204409628874e+00
2.671293019505924793e+00
2.506695179282980579e+00
2.348492900756779633e+00
2.222250313912310649e+00
2.106484402895544505e+00
2.011893629829348384e+00
1.925448321954897679e+00
1.846786631072371287e+00
1.770758275136633086e+00
1.708491740744429777e+00
1.643449478713808087e+00
1.589343616564653949e+00
1.524641737182883761e+00
1.475297949886584581e+00
1.428461136913407703e+00
1.380621967585263121e+00
1.341394371113552975e+00
1.296227566943867648e+00
1.257543050326829226e+00
1.220084585272815936e+00
1.182597706665782678e+00
1.148046510581873125e+00
1.118406117643613751e+00
1.086099971395777519e+00
1.055762841382976713e+00
1.028464439221588478e+00
1.000253316927139480e+00
9.738697588885607548e-01
9.489395563109429554e-01
9.228486071913966082e-01
8.978679884064988403e-01
8.775031487548368148e-01
8.526657433736828384e-01
8.310487813622279285e-01
8.126616636874358646e-01
7.925967096799125811e-01
7.720589233972481313e-01
7.533114422252086273e-01
7.328798462576655570e-01
7.150831494664743326e-01
6.976118495762909655e-01
6.806549414913825036e-01
6.629518718398028643e-01
6.458213709132071267e-01
6.301869465575126172e-01
6.142684395437163491e-01
5.981079957828392413e-01
5.837515748414844330e-01
5.690511172105628956e-01
5.540267310574487070e-01
5.410277240536588428e-01
5.269198152383779421e-01
5.147708050655976919e-01
5.014594433782854077e-01
4.889101659101420805e-01
4.739172593455248106e-01
4.603819354648666096e-01
4.489048723438378574e-01
4.374977542468245217e-01
4.250286934996375110e-01
4.138845171956057611e-01
4.035666190520741936e-01
3.929657010947370521e-01
3.822488134818951000e-01
3.705755490935074281e-01
3.600596393898143344e-01
3.498615829597120364e-01
3.389673898974927546e-01
3.294220703357157998e-01
3.194263015829617025e-01
3.097603857679656625e-01
3.001499414880602346e-01
2.897225430488661324e-01
2.807902034502144373e-01
2.704233266100333211e-01
2.616977906573653145e-01
2.530920012549777720e-01
2.442198565044107761e-01
2.362208782123657036e-01
2.266048115542040609e-01
2.182466497836574593e-01
2.091847614707934844e-01
2.004519740402579686e-01
1.922289305784444513e-01
1.830343537629304240e-01
1.740410581196419337e-01
1.642883523487083108e-01
1.536702541063736105e-01
1.433703671661449297e-01
1.321488988047496427e-01
1.186489649218827602e-01
9.708075393988944979e-02
1.349992747805957294e-02
