6.816205675841504608e+00
5.051943406534603831e+00
4.651499362944636395e+00
4.291156593500033978e+00
3.969858730281188297e+00
3.644116745324714302e+00
3.329427191498055105e+00
3.089254334021778625e+00
2.829862478644382673e+00
2.634351411092939799e+00
2.486071372494889964e+00
2.345325676519987912e+00
2.224805935437083715e+00
2.114688872372017414e+00
2.008584544225026303e+00
1.917981772960313247e+00
1.830764035602250539e+00
1.753981751957529145e+00
1.683629016397455214e+00
1.612408388315643260e+00
1.546304248843281659e+00
1.482383495248462468e+00
1.420256271350242461e+00
1.361964016980674153e+00
1.308101298116582933e+00
1.259433893837770935e+00
1.213082545711059446e+00
1.169194902757034971e+00
1.130774956110984331e+00
1.091888394056920841e+00
1.056004742544535580e+00
1.018248719748026110e+00
9.842620319895749592e-01
9.522129084547549249e-01
9.220162939977375460e-01
8.915615505711023125e-01
8.591680534013853565e-01
8.274204774054071398e-01
8.015385812877644511e-01
7.760796876823273793e-01
7.512060549532912912e-01
7.243665811988655445e-01
6.995187410065107914e-01
6.768300514240895849e-01
6.565582705848903577e-01
6.347459529988654925e-01
6.114556326329043667e-01
5.913853163349204189e-01
5.712869612923019424e-01
5.513654185850275224e-01
5.311090039945954855e-01
5.127740385682412194e-01
4.943917260044157214e-01
4.778804747863094615e-01
4.613302703202311617e-01
4.444153028866219546e-01
4.273612210228576735e-01
4.137921577724210653e-01
3.972990102314442606e-01
3.830072689354110937e-01
3.680967455644413855e-01
3.539977892627643730e-01
3.410691300490583666e-01
3.271817905158085349e-01
3.138739628400950554e-01
3.015054310335364973e-01
2.902395488001014989e-01
2.768380669961520435e-01
2.654219263691908193e-01
2.540927010870372427e-01
2.436987989350512807e-01
2.325779776159592471e-01
2.221654267521075699e-01
2.111593360398230368e-01
2.018493870211676700e-01
1.926028599482720594e-01
1.828840271541818663e-01
1.734921596870543370e-01
1.649839180645496783e-01
1.566764974800410881e-01
1.474326590070769438e-01
1.390284415736656454e-01
1.305015834333702329e-01
1.231429831317239765e-01
1.150275382032444338e-01
1.076277783895987217e-01
1.006418329766431419e-01
9.340766822410312420e-02
8.658801660166566549e-02
7.987833488999136755e-02
7.345163744550546603e-02
6.681189075127502708e-02
5.994257560816288605e-02
5.389615392934324345e-02
4.788596046907327153e-02
4.179236080045597296e-02
3.492202418138438957e-02
2.821103488466289097e-02
1.988648945845834792e-02
5.621733228322583348e-03
