3.291987253716429862e+00
2.628436527085351582e+00
2.479309329344633106e+00
2.374883259861708673e+00
2.256556442947267982e+00
2.147404403225328995e+00
2.035827616705055743e+00
1.948572079052004469e+00
1.878174104987171189e+00
1.808593129839824121e+00
1.749479661348955162e+00
1.703074264047454767e+00
1.659757848297797045e+00
1.615828241467846205e+00
1.580429084967636566e+00
1.549796157419829790e+00
1.519963293745057120e+00
1.490315145928011953e+00
1.464086742235526151e+00
1.438315587346391089e+00
1.413934234258650502e+00
1.391727755761725138e+00
1.370320076556664324e+00
1.351279700397313155e+00
1.330426961620086113e+00
1.313928687284142693e+00
1.296710751568451503e+00
1.279118749156894053e+00
1.265484071102654040e+00
1.250327962042151242e+00
1.235217463374221669e+00
1.221635766779681109e+00
1.210176925245127544e+00
1.197309797018022648e+00
1.182548940131415760e+00
1.170729373380928751e+00
1.159122009045921109e+00
1.148301225403778103e+00
1.138105603717794345e+00
1.127932076634753589e+00
1.117271863613503058e+00
1.108095176857741837e+00
1.099537200618322386e+00
1.090869867755034139e+00
1.081885259322748150e+00
1.073808120654001774e+00
1.066480171151486855e+00
1.059074566645084481e+00
1.051491386876407530e+00
1.044252724121150999e+00
1.037967215757810591e+00
1.030705590552259077e+00
1.023900132091809745e+00
1.017844915556326280e+00
1.011036004438529146e+00
1.005054781259791419e+00
9.991553978228432387e-01
9.926273030723841151e-01
9.870734241326920566e-01
9.806100333138632053e-01
9.742806582386154268e-01
9.682155948663974110e-01
9.617076192646824007e-01
9.560101436041358314e-01
9.499321231192506820e-01
9.439841072692329860e-01
9.380416964004960612e-01
9.324932301254150735e-01
9.269705626974424906e-01
9.202579359651068547e-01
9.149551749582021110e-01
9.085932508736306312e-01
9.028392361969398427e-01
8.968784130456651793e-01
8.913632954731390834e-01
8.858712569144203686e-01
8.792891232932135148e-01
8.736861847880365017e-01
8.682582209279888774e-01
8.626946474692069877e-01
8.565969958623802505e-01
8.514830800723666160e-01
8.462071798971421144e-01
8.407375918182004026e-01
8.351544836533107974e-01
8.300218851995377900e-01
8.243221682160379871e-01
8.194521852417578911e-01
8.137859798190271166e-01
8.082927125695091863e-01
8.027740566934294941e-01
7.976513070524394733e-01
7.926680016581818533e-01
7.879311643092253847e-01
7.821401334561448593e-01
7.770579081854495085e-01
7.721818792065131554e-01
7.672960480023890417e-01
7.620377223186041160e-01
7.571435742217578202e-01
7.518904999480313656e-01
7.471313816066939006e-01
7.422141317821244755e-01
7.371454428753390076e-01
7.316739775091440912e-01
7.270714314826893787e-01
7.223463412455635169e-01
7.174887652184593900e-01
7.128291097296560741e-01
7.079038307567934174e-01
7.028947002029224400e-01
6.983723789377882518e-01
6.938365885041251069e-01
6.891452466868983606e-01
6.840455811389444252e-01
6.793493625891967591e-01
6.743218587529240526e-01
6.693064283657734759e-01
6.652902497353306854e-01
6.602452165809452600e-01
6.555277721290510007e-01
6.509061913608116257e-01
6.457730846431790628e-01
6.409647844018135920e-01
6.362771743140357428e-01
6.314416285403411377e-01
6.273317960061528531e-01
6.218912537473555435e-01
6.171119725565799019e-01
6.118142230756155042e-01
6.071031081614453040e-01
6.020772768024936772e-01
5.974036306322451084e-01
5.927508962369243406e-01
5.873887001878939085e-01
5.821807223726466196e-01
5.771194453763409671e-01
5.708461197809789889e-01
5.651614760078484956e-01
5.592097047653193931e-01
5.524589307003471284e-01
5.458007650785148268e-01
5.390772929969398497e-01
5.324349776576571269e-01
5.249955965408851233e-01
5.158892077279991772e-01
5.050900780792011435e-01
4.886318816640412011e-01
4.610598068107891190e-01
4.650005387140600417e-03
