6.900852159217007120e+00
5.075910060306656924e+00
4.647965162811237505e+00
4.294399075176589697e+00
3.969171031444924225e+00
3.656662156616080850e+00
3.310559107705822512e+00
3.071946376174011117e+00
2.855338411127008147e+00
2.650594105137926704e+00
2.487690721902006796e+00
2.337719903802542465e+00
2.220911120865510124e+00
2.111796239757621318e+00
2.014113928779841967e+00
1.921129778710011893e+00
1.834618201498339873e+00
1.758882409230880572e+00
1.682799062142500857e+00
1.610289944099688952e+00
1.546242323212971392e+00
1.485707552143233467e+00
1.424177961731550202e+00
1.369124708746837671e+00
1.320971935511560114e+00
1.271932693831100858e+00
1.222660800957239058e+00
1.178702463035627535e+00
1.135140412277668709e+00
1.095188390608765605e+00
1.056604085120116832e+00
1.022801834261355847e+00
9.877678859408703937e-01
9.543734971626532948e-01
9.225145601781492566e-01
8.886284161482437272e-01
8.610967781490727058e-01
8.297603611963580983e-01
8.005991960437124355e-01
7.746185696931907616e-01
7.473454545711912811e-01
7.228647141343170768e-01
6.982204281870204587e-01
6.747830976871724840e-01
6.496567361007700159e-01
6.303603766903347339e-01
6.069152953989011001e-01
5.855561123537232904e-01
5.656911125121042438e-01
5.460705651461177368e-01
5.293114530948068719e-01
5.115110569563341425e-01
4.925824073297557781e-01
4.744102249362802670e-01
4.569876430434106629e-01
4.408257607671492440e-01
4.246056998023108320e-01
4.088338627817842963e-01
3.928925520186271614e-01
3.781041498299092529e-01
3.637811223783454229e-01
3.495067331129609878e-01
3.368278836632543904e-01
3.231730893875350841e-01
3.106044608816552755e-01
2.977779855921848795e-01
2.839256576265316023e-01
2.721213112114224675e-01
2.606698541434992467e-01
2.497520735710078155e-01
2.389083998261626318e-01
2.292069322112738894e-01
2.194722853911307558e-01
2.094492774259533174e-01
1.990338435799821615e-01
1.879600447503925187e-01
1.789329850514383147e-01
1.695726604979940211e-01
1.607314537973373036e-01
1.521698800360535286e-01
1.437123753463637188e-01
1.348363079734835879e-01
1.278932305355587884e-01
1.196330200743152550e-01
1.119484113416252813e-01
1.045498088736063619e-01
9.745619988909375031e-02
9.044861446173223241e-02
8.364459578476045321e-02
7.711851122128794700e-02
7.106841750039501193e-02
6.458428391422350867e-02
5.804995744692861837e-02
5.160309461004849302e-02
4.560408126207496360e-02
3.981093989660083876e-02
3.366286081937384239e-02
2.703037859194179146e-02
1.873304687240934935e-02
5.541843649556210324e-03
