4.323581973143602042e+00
3.180348614877601676e+00
2.845907247586932698e+00
2.568145029203039442e+00
2.320309187581328647e+00
2.094442959564601470e+00
1.911370495657160662e+00
1.751323413559018771e+00
1.617825135853428797e+00
1.501942290889229259e+00
1.417277050565367569e+00
1.333553927156118535e+00
1.262543937441300779e+00
1.189259109546194626e+00
1.134901763986136070e+00
1.078511452371424539e+00
1.028671091366172519e+00
9.823740311238938760e-01
9.388075554011200419e-01
8.974375314001487025e-01
8.593699070552049957e-01
8.226524816296597598e-01
7.869622265539264472e-01
7.557777896126490758e-01
7.243893610382121651e-01
6.975380682816920697e-01
6.678238335431205819e-01
6.412723203093314561e-01
6.160098602945544011e-01
5.927388886079217878e-01
5.708699612290545344e-01
5.483419470896957471e-01
5.264997845813936816e-01
5.035991316706138754e-01
4.831753550949203224e-01
4.634183714480769600e-01
4.425705210892757480e-01
4.236034328308180830e-01
4.044149113348909363e-01
3.846317206996474614e-01
3.663155017380704259e-01
3.469908880885453906e-01
3.280456128935339555e-01
3.106574755091207063e-01
2.930530401198381263e-01
2.759359706862775097e-01
2.569601954486342432e-01
2.354012622945100830e-01
2.060448041887422144e-01
8.640157676424208011e-02
