6.387250896726689220e+00
4.725156375228400485e+00
4.342908578637628025e+00
4.017584585573933609e+00
3.726931313668681689e+00
3.438796863710583906e+00
3.128372190870429836e+00
2.905872121085568693e+00
2.712527108195451397e+00
2.529054129522434913e+00
2.379618133917424050e+00
2.242986046926388255e+00
2.135181770988934247e+00
2.037369436380297216e+00
1.945932133689145083e+00
1.860099434890070791e+00
1.785060204288192010e+00
1.709116675338374636e+00
1.645329965047981124e+00
1.575772788805990698e+00
1.522293696446878952e+00
1.461835094591359407e+00
1.407223595197451660e+00
1.355442600716126877e+00
1.308945503588033743e+00
1.263506380953614450e+00
1.222484019581749459e+00
1.183212577601930438e+00
1.144199857770615836e+00
1.107806569428561483e+00
1.073775924047447150e+00
1.039399282158659288e+00
1.006836178066753185e+00
9.734495467886843389e-01
9.463376245203620751e-01
9.160182294957496252e-01
8.883848717980168397e-01
8.601149520052393527e-01
8.355141467379871845e-01
8.106645649946280230e-01
7.862756749901138598e-01
7.634001120815108177e-01
7.393855479683140164e-01
7.182795801108201594e-01
6.958340339716465595e-01
6.763344359366740832e-01
6.570005844760170577e-01
6.340773268949625452e-01
6.146309983759610240e-01
5.964265686917310516e-01
5.794792962278009218e-01
5.618616588479539153e-01
5.456340792929031958e-01
5.286998894809074034e-01
5.132480206625984476e-01
4.964628356929797759e-01
4.817026177090684147e-01
4.651662478860918437e-01
4.512014278111359245e-01
4.382099655559150708e-01
4.229780328728036665e-01
4.082863537268791032e-01
3.948973286492663548e-01
3.828076131576785279e-01
3.686249561534588604e-01
3.562096510514439762e-01
3.450531653745670946e-01
3.331778572458262699e-01
3.215241782835154272e-01
3.101836890075477804e-01
2.983461388194043051e-01
2.869031546133186117e-01
2.764908728344414035e-01
2.658843506058766182e-01
2.553741284780056131e-01
2.450505198182593714e-01
2.347790161789448937e-01
2.252830804424757472e-01
2.159455117328488438e-01
2.067701225952930377e-01
1.969219654653375784e-01
1.880007824430701413e-01
1.798970614670440393e-01
1.713719570735992292e-01
1.623724121396358522e-01
1.548861765608596508e-01
1.462856781508337645e-01
1.382988929981400494e-01
1.303626137908105165e-01
1.231261058491713162e-01
1.160075452051450851e-01
1.080776541209179931e-01
1.004006815825930626e-01
9.177784746923606241e-02
8.448332043819892223e-02
7.674347903646948355e-02
6.690013546083160845e-02
5.641819019851893047e-02
4.293823395579402652e-02
8.482672304383572295e-03
