4.954684367202467854e+00
3.866358603637712221e+00
3.595183670997579739e+00
3.406067943591948310e+00
3.213872038864455494e+00
3.023592149553441022e+00
2.830429289306039653e+00
2.686945673918464284e+00
2.561274306499486730e+00
2.442332158083657223e+00
2.334518323064510792e+00
2.251418207600031085e+00
2.175150081906946475e+00
2.098355253149278177e+00
2.033089878616810786e+00
1.975311253261908151e+00
1.923318806659629621e+00
1.873245710191679958e+00
1.822890095848080483e+00
1.777632281448663587e+00
1.732543673761892666e+00
1.689669567233106573e+00
1.651652028370698133e+00
1.619103890944956659e+00
1.584444948882805848e+00
1.551930409699045832e+00
1.520074636714063621e+00
1.490859941185731286e+00
1.462068856137596740e+00
1.434869276082327838e+00
1.407718506891277421e+00
1.383153642101855763e+00
1.359073860862164862e+00
1.335325748408165980e+00
1.312607546774403389e+00
1.291453986527784759e+00
1.270080981678385568e+00
1.249719052887584336e+00
1.229598048427950507e+00
1.210267679251129103e+00
1.192897236691041085e+00
1.176268461299929236e+00
1.158293472016107550e+00
1.142690046142933902e+00
1.127815704245042738e+00
1.113047243492084171e+00
1.097897662954823605e+00
1.084196041264072541e+00
1.069896620526115560e+00
1.056748420244294051e+00
1.044089534973974276e+00
1.031072715616001778e+00
1.017963768024767068e+00
1.005407532567095474e+00
9.935872419768283503e-01
9.823491958529306789e-01
9.690344199918912160e-01
9.579649065776199013e-01
9.456690416096681373e-01
9.343084916204438262e-01
9.219682296908875418e-01
9.104605244522477880e-01
8.990209620919276112e-01
8.878124653407426514e-01
8.772499038515298997e-01
8.658217265232260873e-01
8.549566502292723635e-01
8.437833446689819716e-01
8.340633351132279438e-01
8.227306601746445791e-01
8.121126239296957428e-01
8.012440761686215884e-01
7.907254665115016623e-01
7.804766200687567324e-01
7.708388927468091678e-01
7.608761214643849913e-01
7.502062440257509790e-01
7.410649515200938842e-01
7.307241148062439962e-01
7.218080640490888156e-01
7.129166505085653416e-01
7.040908437686439481e-01
6.942173184554603083e-01
6.844896641363696910e-01
6.759860144887663846e-01
6.656494732758091448e-01
6.567332960038497758e-01
6.486823184771473016e-01
6.403452058363293675e-01
6.319538481418017772e-01
6.231994227058832436e-01
6.137679411318165412e-01
6.057854216353841803e-01
5.970755066652678744e-01
5.881391716294510630e-01
5.803033328204777463e-01
5.717379469903312028e-01
5.638190704349763660e-01
5.569396857257471467e-01
5.496679186277854123e-01
5.417069954410197452e-01
5.347245519320573681e-01
5.268633639375442934e-01
5.190590782475973386e-01
5.117545112215580172e-01
5.047000755479801315e-01
4.973707274339490558e-01
4.905758874742165987e-01
4.835293266893600506e-01
4.770370122665579249e-01
4.698420702276890903e-01
4.633317110141888517e-01
4.560570644720937650e-01
4.488261086210586503e-01
4.420151574409299511e-01
4.354931126772772498e-01
4.286817020919981847e-01
4.216940584885064403e-01
4.154404638566341901e-01
4.088531897876598875e-01
4.019092053626042160e-01
3.948914320456195504e-01
3.884090042222057004e-01
3.817614671286604922e-01
3.755178018108017435e-01
3.690783920211870850e-01
3.625758265971198435e-01
3.562420900144616098e-01
3.498817146842914116e-01
3.434447451421215880e-01
3.369458572960509213e-01
3.308635133122627692e-01
3.237844876760589408e-01
3.173436492727081948e-01
3.108239688533129264e-01
3.044750100251540359e-01
2.978332317481358071e-01
2.905125133294684248e-01
2.832713626890915881e-01
2.764155903752923971e-01
2.689301179857695456e-01
2.616352042642057785e-01
2.532428295540821717e-01
2.443169911728435006e-01
2.343447410583071600e-01
2.231529649868955467e-01
2.089298829679894776e-01
1.894372623754129459e-01
1.590242260790840079e-01
6.919584278024057226e-03
