3.092656429092028425e+00
2.435249879797191763e+00
2.297065705627728605e+00
2.174541389693542826e+00
2.061199539893956434e+00
1.955635227412242605e+00
1.836334164032310756e+00
1.752631567286292436e+00
1.677085395531209722e+00
1.610544274886459792e+00
1.559140471360924263e+00
1.505847517070906250e+00
1.465012455863665686e+00
1.428105930657451061e+00
1.395885838738403217e+00
1.360526888384372857e+00
1.333286378319385124e+00
1.305913467747079393e+00
1.281223444103994247e+00
1.256746227722176812e+00
1.235512278037192990e+00
1.215043926114893980e+00
1.196594768806966025e+00
1.176604516786932342e+00
1.158381354636850880e+00
1.139766043737308721e+00
1.122952749683116647e+00
1.106789059609131654e+00
1.091631847416860923e+00
1.077672433371909433e+00
1.064162465906191457e+00
1.051709974612979215e+00
1.040271886323513417e+00
1.027673475757854060e+00
1.016179666413396410e+00
1.004934679661944497e+00
9.927039044696297498e-01
9.829702551016218370e-01
9.732210876384772558e-01
9.635875618093524553e-01
9.537448976076247087e-01
9.446293945986312668e-01
9.345310783086406836e-01
9.259322110634474745e-01
9.177251920169442467e-01
9.095447711518815925e-01
9.004141269017839067e-01
8.916694180747286591e-01
8.840476909170975617e-01
8.759425251698204073e-01
8.675918024269401174e-01
8.602978856730031376e-01
8.527942819150997611e-01
8.447197235054264564e-01
8.372124647583925050e-01
8.299295255730583243e-01
8.227931704320600170e-01
8.154906620996442701e-01
8.078691522914741574e-01
8.013515273606972578e-01
7.940941866173345520e-01
7.871467274661150260e-01
7.806069009994380803e-01
7.733901242043347279e-01
7.669867160517261917e-01
7.607297313906871139e-01
7.542258308072044004e-01
7.472166495963190602e-01
7.405543848277517105e-01
7.339714487081954175e-01
7.274667837665065306e-01
7.211996839718115559e-01
7.151318516420904770e-01
7.091118164214358366e-01
7.028506013038599010e-01
6.971135000787281877e-01
6.902870620151282388e-01
6.834721690083429557e-01
6.774644298504760576e-01
6.716434226330230128e-01
6.651979399780930668e-01
6.585783376556717528e-01
6.523454026297729191e-01
6.458911257369712722e-01
6.393921861838112175e-01
6.329649779170479773e-01
6.262861642156205555e-01
6.195839178255535540e-01
6.139432731989016290e-01
6.072151478964867843e-01
5.997259627224642564e-01
5.925250063781098975e-01
5.844570534288836550e-01
5.772594887671365083e-01
5.689544159319492866e-01
5.593323018465338192e-01
5.486637327662219343e-01
5.330399590334470306e-01
5.105490778406963637e-01
2.820287572227297979e-02
