6.630425369495565491e+00
4.896828477715618355e+00
4.486292425705660669e+00
4.153647957370408150e+00
3.842653904794219866e+00
3.541333135102079144e+00
3.216055338028468213e+00
2.983123909470685842e+00
2.780979155769426114e+00
2.587471633559359052e+00
2.427575901713042938e+00
2.287324816996154642e+00
2.178083513933778192e+00
2.069270229837053332e+00
1.977673522288718289e+00
1.884142112305368100e+00
1.804248679472680417e+00
1.730716943646675832e+00
1.660782340364511889e+00
1.588963964356325365e+00
1.532218383296934494e+00
1.476293428245997852e+00
1.414936957638649240e+00
1.364870313978703731e+00
1.316868912547845438e+00
1.267654358241489865e+00
1.221994147235655248e+00
1.179964887566390619e+00
1.140264511233038958e+00
1.102878914733154803e+00
1.064729046371022170e+00
1.032733636543115674e+00
9.996955785670702532e-01
9.659971812259161572e-01
9.340660496908087529e-01
9.035539130505799710e-01
8.723712479960354926e-01
8.451039015698552648e-01
8.166330097057766801e-01
7.923624560885356161e-01
7.652151989461393189e-01
7.423922684565370522e-01
7.203742157510985011e-01
6.965121897590645927e-01
6.751767806184806320e-01
6.541346631300577474e-01
6.330663889675826050e-01
6.141031458776752272e-01
5.941718571334340115e-01
5.756372490096436367e-01
5.558330445592355451e-01
5.385570205878760230e-01
5.205123557765097830e-01
5.028672561944024233e-01
4.864789343698430191e-01
4.707464419099134378e-01
4.555493181373108658e-01
4.410583913992902616e-01
4.264783569717558454e-01
4.112149797315785560e-01
3.963427890891180749e-01
3.818950114896355053e-01
3.687794573560712608e-01
3.554814349304413201e-01
3.417670607739807243e-01
3.286030699212622030e-01
3.165511462797093722e-01
3.052087815854821473e-01
2.928987634440729515e-01
2.819124234937799289e-01
2.704251002705659324e-01
2.589815512938531961e-01
2.488311584972759949e-01
2.391907540074279526e-01
2.290671544476376442e-01
2.183181637213918724e-01
2.090285058348656522e-01
1.997270284600749790e-01
1.900643192600010023e-01
1.808937227929737490e-01
1.721904217587555130e-01
1.639723972740570745e-01
1.551833994915786386e-01
1.463708840345512296e-01
1.389184669797131622e-01
1.307350543524893327e-01
1.231681692978088272e-01
1.157334866134671347e-01
1.082291370981916662e-01
1.006676906397128701e-01
9.360299371083495579e-02
8.625543463693738366e-02
7.884299173182146570e-02
7.150703562861408791e-02
6.426878186799489523e-02
5.704029018056945566e-02
5.011365911694135727e-02
4.041756659302757348e-02
2.880714513997392409e-02
7.143372163532945261e-03
