3.470742383572574585e+00
2.698947126371328942e+00
2.535427951966498394e+00
2.389372193317822468e+00
2.254786662333880365e+00
2.131302206282589040e+00
1.991109272204025782e+00
1.891354716702886352e+00
1.803308508746336747e+00
1.724249635649981460e+00
1.661432705015572830e+00
1.598751024383002095e+00
1.551025878264682634e+00
1.507354281761419168e+00
1.467510938805284937e+00
1.426518368231062706e+00
1.394221902951649605e+00
1.361537976768886438e+00
1.331991863278048749e+00
1.302789045176605542e+00
1.277764089023762262e+00
1.253336540813311029e+00
1.230758122925790454e+00
1.207149581303510688e+00
1.185272100057157552e+00
1.163797467611800363e+00
1.143356244550050027e+00
1.123632791345023252e+00
1.105129393246588432e+00
1.089379116321939955e+00
1.073197867996936949e+00
1.058449015077479238e+00
1.044334825982649262e+00
1.028752175621366671e+00
1.015708215738963416e+00
1.001768485468066183e+00
9.878236521519468960e-01
9.763440216699629248e-01
9.642585839372750378e-01
9.528285569724785908e-01
9.415802412737739324e-01
9.302465601551014318e-01
9.187325583081238367e-01
9.074629294556250114e-01
8.977902622831709367e-01
8.882695968571480138e-01
8.767090142611295711e-01
8.673239852593068733e-01
8.580483176411318746e-01
8.481202951486419561e-01
8.389944935922646341e-01
8.301472297084753205e-01
8.206039971245789877e-01
8.112114684630294947e-01
8.027985382870147513e-01
7.937652504833614397e-01
7.853524130073910037e-01
7.770617695478431175e-01
7.678971676176913341e-01
7.596313405517883810e-01
7.508572498421207664e-01
7.428615697925292638e-01
7.352176806156052180e-01
7.266643224781315080e-01
7.194626959958025925e-01
7.118568753719966002e-01
7.038833368845217597e-01
6.968879290022154116e-01
6.891520456491648794e-01
6.819557980976139744e-01
6.742228916704909869e-01
6.662993576247786542e-01
6.596792756536986602e-01
6.525876493298209402e-01
6.453121047309973157e-01
6.383008177797472316e-01
6.313519995986613953e-01
6.236673254240995279e-01
6.166545198040794817e-01
6.092758441850804063e-01
6.020972312555872286e-01
5.951444072264731044e-01
5.878701970322095516e-01
5.800681342993887490e-01
5.724244408287066932e-01
5.647089809475968059e-01
5.571633113220577638e-01
5.507497182299274652e-01
5.441253911879377902e-01
5.366202245033138141e-01
5.284623805761805571e-01
5.204195308465482395e-01
5.120701996258406608e-01
5.037330477867567602e-01
4.944947552029670956e-01
4.839517554315737602e-01
4.728523339362740718e-01
4.563387145150041291e-01
4.312978463357459713e-01
3.073319075195965130e-02
