5.992519407342083326e+00
4.454780341482581285e+00
4.103866843852534529e+00
3.804661217416311469e+00
3.534863841008180962e+00
3.269061979513094407e+00
2.982367550726817029e+00
2.775628184640287266e+00
2.597626648027737684e+00
2.429169028119003926e+00
2.287580829471509869e+00
2.167400398772693748e+00
2.067339182072601034e+00
1.975143585168866789e+00
1.891895967241568943e+00
1.808956177533044718e+00
1.739230648681562741e+00
1.675530272847437718e+00
1.613707699643967430e+00
1.551061226095794332e+00
1.498140447916573414e+00
1.446476518602398009e+00
1.396781473960348574e+00
1.349237495128841724e+00
1.304638223301107791e+00
1.261688630039837111e+00
1.223118046091363986e+00
1.182026575527365342e+00
1.149079224797580734e+00
1.113763003275492380e+00
1.078547328460361721e+00
1.047793167264460923e+00
1.020036682033032882e+00
9.934615254775163162e-01
9.639169487441722195e-01
9.360340270581544164e-01
9.090376285115938648e-01
8.832245609938496056e-01
8.590154514481966874e-01
8.348366579973175439e-01
8.120820348732779026e-01
7.905528747063134132e-01
7.680006254693096945e-01
7.470756106735809698e-01
7.273786386614438104e-01
7.084756684877046018e-01
6.878474559108803676e-01
6.695097483940841698e-01
6.519586215142070262e-01
6.326030818715842052e-01
6.159395743542428470e-01
5.980472215034131622e-01
5.829826298977791588e-01
5.669045915273204228e-01
5.515052280160185338e-01
5.357400409557424581e-01
5.211343560188959056e-01
5.066531984075254291e-01
4.930568123928290580e-01
4.783338516788759320e-01
4.662806466527494864e-01
4.524478384477644277e-01
4.400795681496819656e-01
4.273992819012801259e-01
4.144680476218316478e-01
4.017318582876159838e-01
3.895211880920757541e-01
3.778763355969746995e-01
3.667958202771028908e-01
3.556969467299256338e-01
3.444715490246194056e-01
3.323338603512616118e-01
3.220193647180948360e-01
3.117830899210669582e-01
3.016710549913865225e-01
2.921634909026324944e-01
2.818963072809437254e-01
2.721129697932814784e-01
2.621219048672187579e-01
2.519256943360008161e-01
2.432277737599856937e-01
2.335398656537839845e-01
2.251452903783196235e-01
2.170014406746428592e-01
2.077508608669614287e-01
1.991841905658454648e-01
1.906958870575735654e-01
1.826495249433082446e-01
1.733871004566354401e-01
1.651244601211546426e-01
1.561880690106453862e-01
1.482557440092766854e-01
1.397166200123883817e-01
1.309231374979030749e-01
1.213778526866885338e-01
1.115081679990338470e-01
1.008218225695174525e-01
8.765098297939959149e-02
7.026291412577345685e-02
1.176496508537492464e-02
