4.229353174615515520e+00
3.127407654418756344e+00
2.795099336568808823e+00
2.523716100867043899e+00
2.286327337370457347e+00
2.068533864473777406e+00
1.885953530772273457e+00
1.732302146362645123e+00
1.602851755361880848e+00
1.491378212489800292e+00
1.409262100104515802e+00
1.328548265598990641e+00
1.256703175771361147e+00
1.189190260501883589e+00
1.132439304308337391e+00
1.078228262807100934e+00
1.031325940988967238e+00
9.855081707368904542e-01
9.450009037298283676e-01
8.998185072378571681e-01
8.651624972874870645e-01
8.309854799638947132e-01
7.965094768626670430e-01
7.647738889588180378e-01
7.320796569080129101e-01
7.057181720822650606e-01
6.810451910799660835e-01
6.541172457128396900e-01
6.286596026997345321e-01
6.052997840808609364e-01
5.817945671460026391e-01
5.591844410096529217e-01
5.382227164475155146e-01
5.180391141256719401e-01
4.956723951602741152e-01
4.751149183685167698e-01
4.575374680410239647e-01
4.393352992544370950e-01
4.182291404593003192e-01
4.010599743838403897e-01
3.815011869547671464e-01
3.621807448506747518e-01
3.454999217338626250e-01
3.276030999755532025e-01
3.107028465105529103e-01
2.921666871674672983e-01
2.717347570361867692e-01
2.510315367699326727e-01
2.215438880976323688e-01
8.854629578390131595e-02
