3.725731273271883470e+00
2.947587128802394485e+00
2.769022232841786391e+00
2.642674277601389399e+00
2.502901903349815438e+00
2.374992542153382402e+00
2.242934637230262762e+00
2.140210784218612883e+00
2.057602729114989426e+00
1.973125395684661498e+00
1.901121042091349800e+00
1.845849473582026112e+00
1.793106259255808466e+00
1.741807633901255814e+00
1.698376982172344007e+00
1.661955797616729846e+00
1.625499163078558462e+00
1.590829647605092045e+00
1.559474327222572398e+00
1.528915287489468255e+00
1.498528763110638762e+00
1.471050133033595886e+00
1.445082071835958937e+00
1.422373761055008234e+00
1.399366657765316990e+00
1.377836488137464732e+00
1.358141533636701315e+00
1.336215001983178219e+00
1.320014819861906386e+00
1.301418333866187771e+00
1.283677834130003248e+00
1.267125725777879852e+00
1.252001488918470962e+00
1.236051165454429057e+00
1.218253617972464786e+00
1.204463257877493865e+00
1.189903161727856151e+00
1.177809381542461953e+00
1.163954811994747374e+00
1.151930483014075968e+00
1.139084379579156758e+00
1.128203959805455181e+00
1.117670115024009370e+00
1.108049551483597073e+00
1.096849762871292322e+00
1.086191016681271382e+00
1.077362536891864453e+00
1.068408861619664307e+00
1.059814662118184758e+00
1.051159427349320552e+00
1.043048884573384960e+00
1.034320653119513711e+00
1.025569857350369096e+00
1.018067271465430412e+00
1.009778975286659275e+00
1.002454834843099274e+00
9.947513300439386752e-01
9.871685191171427620e-01
9.798844258229253423e-01
9.719152580621205351e-01
9.639610515581408245e-01
9.565815875642635913e-01
9.490871933113365078e-01
9.412296754726843240e-01
9.344737084499142865e-01
9.270299050797217166e-01
9.196020594092808587e-01
9.123176216048354270e-01
9.056635762955802527e-01
8.984460245437536630e-01
8.916097082963855280e-01
8.844247329477573638e-01
8.770080050863309218e-01
8.696207353981050270e-01
8.627516605692995277e-01
8.556325763526460015e-01
8.485700768056839705e-01
8.424536761699792375e-01
8.355813918674822594e-01
8.282619935525415977e-01
8.215003044640631913e-01
8.150849649398346219e-01
8.085861037419399544e-01
8.025403488815849862e-01
7.958233112343628957e-01
7.894741997157110891e-01
7.827265060020784926e-01
7.765412474694852740e-01
7.700936556390580723e-01
7.635290807171670746e-01
7.576982523414165227e-01
7.515751955696426956e-01
7.454332278033257708e-01
7.391425941426121859e-01
7.333336993589054664e-01
7.273341751743361838e-01
7.208853654715305925e-01
7.146602026248939366e-01
7.090403029070279084e-01
7.029623258930750573e-01
6.973806948297911479e-01
6.919979678907265397e-01
6.861912157434620907e-01
6.799499670122944872e-01
6.739589479770192737e-01
6.683635881673296586e-01
6.632231382985029899e-01
6.573542489437798064e-01
6.519943304414390628e-01
6.460210965934608529e-01
6.409192440450323103e-01
6.352515139261248889e-01
6.298553902723720288e-01
6.244637913887430836e-01
6.190507576714340265e-01
6.136852614355210456e-01
6.085408925605571007e-01
6.029106387624626473e-01
5.975729337583193246e-01
5.921056031821978483e-01
5.872125017877742881e-01
5.809377451602806275e-01
5.760769430134796698e-01
5.705421417202571899e-01
5.650321889195853986e-01
5.597220732953238631e-01
5.544671131018301669e-01
5.484519326933287031e-01
5.431844252880847490e-01
5.373090306296276486e-01
5.313747465328855224e-01
5.258581266342020610e-01
5.201574432087815447e-01
5.148788177850684988e-01
5.087586738425894373e-01
5.029826471881115868e-01
4.972157541199498376e-01
4.910083553475796392e-01
4.844452685073114551e-01
4.775793129570624074e-01
4.711717581342252936e-01
4.641773426302115424e-01
4.567011850075289314e-01
4.491407174935715396e-01
4.411163003154509599e-01
4.307560357591271316e-01
4.182257066902386744e-01
4.005075994918340099e-01
3.693879721523895543e-01
9.885599175340578984e-03
