5.148065900777221593e+00
3.707385903752098866e+00
3.270872290533670235e+00
2.929499826899244486e+00
2.620377712918124047e+00
2.329115211120440065e+00
2.095495908609915858e+00
1.900945500426814982e+00
1.725498248271940538e+00
1.588856303664888170e+00
1.472535064003118066e+00
1.372424380465252280e+00
1.288422800809964963e+00
1.195519314275324207e+00
1.129880219867347213e+00
1.060360589077788074e+00
1.001699601465227518e+00
9.458276738315369858e-01
8.943770053981707768e-01
8.469155091148228287e-01
8.024243969030377954e-01
7.580822419822963454e-01
7.138396493258031272e-01
6.732288931500118867e-01
6.417418858446548580e-01
6.085526541330932293e-01
5.748710857192192991e-01
5.454642764443832226e-01
5.142516824118766872e-01
4.880446444645658022e-01
4.622943520807691331e-01
4.359316683174796481e-01
4.116742626937254235e-01
3.877451628282452822e-01
3.682055223365862662e-01
3.415677030908854106e-01
3.209571307009817520e-01
2.995990824457090973e-01
2.800445426565314477e-01
2.602030439061144285e-01
2.414159041020120244e-01
2.214544325016776505e-01
2.048299148939368708e-01
1.878002373522635327e-01
1.703541354747810654e-01
1.545318896268506603e-01
1.364787400473712886e-01
1.185834057597814489e-01
9.754333060594394533e-02
5.420916291649277574e-02
