3.909595632399095688e+00
3.085166061645240543e+00
2.891498173353058032e+00
2.755475742115119697e+00
2.609453665911481313e+00
2.470877557650536183e+00
2.331171750286528344e+00
2.222694223496200827e+00
2.130645322798628616e+00
2.045338072691360587e+00
1.967828372230680634e+00
1.906686917879016230e+00
1.852932209422065712e+00
1.796490360046656853e+00
1.749842053262136155e+00
1.708639358256716534e+00
1.670241405640023435e+00
1.633749463824405446e+00
1.598512945822649911e+00
1.565591732658166757e+00
1.534671000471821367e+00
1.503870692981100099e+00
1.477191065897532685e+00
1.452655405095698349e+00
1.427625052977299802e+00
1.405323751504168328e+00
1.383576666775610420e+00
1.360704151000272200e+00
1.342165094990024343e+00
1.321565224061083121e+00
1.303562727401906152e+00
1.284547478344054916e+00
1.269260696300154923e+00
1.251966006084791250e+00
1.233593282937213376e+00
1.218247660671477828e+00
1.202372537389204687e+00
1.189664874746268142e+00
1.175755457889320565e+00
1.162052944619660799e+00
1.149134495694184022e+00
1.137422557927860289e+00
1.125499526213952883e+00
1.115041005468574653e+00
1.102030178764384472e+00
1.091144044775836042e+00
1.081585265625481851e+00
1.072063986025685089e+00
1.062585988145199556e+00
1.052650958259407687e+00
1.044289861278974829e+00
1.035251267710567413e+00
1.025567493099132754e+00
1.017082833995899271e+00
1.008416742218656514e+00
1.001303379836870899e+00
9.933692868270938003e-01
9.843552177967874739e-01
9.758149253426409153e-01
9.671574565542462310e-01
9.591393986907776892e-01
9.511810119024862731e-01
9.431578887063394312e-01
9.345406790685862886e-01
9.265586181587355252e-01
9.192803931351002378e-01
9.119152474735731095e-01
9.036634697332391886e-01
8.964903748998542810e-01
8.887389095965620989e-01
8.810715568663879393e-01
8.733615401665540956e-01
8.655620912733086314e-01
8.577896183578884726e-01
8.504591573220930956e-01
8.431866442842221865e-01
8.356140802072397067e-01
8.284623580283182465e-01
8.208088591970904568e-01
8.128637728078684788e-01
8.061060309164538307e-01
7.990965027332990189e-01
7.922281762887817269e-01
7.855639033532064719e-01
7.784098793437653763e-01
7.719912657690223279e-01
7.647484801034859503e-01
7.579640362627252381e-01
7.516228559662766484e-01
7.450337843529136750e-01
7.387782350254462616e-01
7.323523770732128790e-01
7.252137076254330239e-01
7.183967964026325426e-01
7.118967889203883237e-01
7.057520810194326533e-01
6.995646972371880601e-01
6.929635082313601036e-01
6.864540227280646612e-01
6.804522895584603770e-01
6.744139971629000696e-01
6.682083645322940413e-01
6.615450311063807431e-01
6.554296582373306812e-01
6.496806618484413098e-01
6.435287404275301659e-01
6.376374987770268010e-01
6.319604339973823315e-01
6.259818688432698952e-01
6.199160354171298071e-01
6.145267399834110078e-01
6.077599401849597127e-01
6.026306276283844854e-01
5.969633969896778192e-01
5.911543815934640067e-01
5.857872626891246215e-01
5.797827840991569559e-01
5.746741061445093113e-01
5.687212753384041086e-01
5.633160952699926005e-01
5.577875164127583663e-01
5.520369872390530341e-01
5.464748877584963971e-01
5.406302943309388986e-01
5.351244250230834387e-01
5.295331625531773945e-01
5.237434431889625985e-01
5.180103616894313756e-01
5.120837617002179654e-01
5.063350549316427696e-01
5.003853992325577593e-01
4.953015655214468849e-01
4.891826179594819801e-01
4.833274505782506614e-01
4.773392724922997932e-01
4.709433113023490658e-01
4.649666734175867955e-01
4.587908504282435795e-01
4.517550076491282374e-01
4.449890961401112843e-01
4.382245825414746165e-01
4.304858865411457236e-01
4.232957814448030653e-01
4.150629697615722535e-01
4.055056767904198778e-01
3.955461710572600875e-01
3.822099108893872721e-01
3.638343143226985266e-01
3.296636122441182759e-01
1.080670070947627355e-02
