5.431321593638262613e+00
4.070842904636029935e+00
3.752816115764559424e+00
3.495917558600262431e+00
3.250322955310322559e+00
3.019522762314680531e+00
2.765582184004502952e+00
2.582898954286804827e+00
2.426288150734996485e+00
2.281959427315054967e+00
2.160182306094585503e+00
2.046621054622844937e+00
1.962592742931791090e+00
1.882173577629520977e+00
1.809028382361713705e+00
1.734979879305789119e+00
1.672162899218007759e+00
1.613752576686304341e+00
1.565106388921211567e+00
1.507023636487803575e+00
1.460613378231050863e+00
1.412028404013316196e+00
1.371404676346794194e+00
1.330767744715746437e+00
1.288388960208683542e+00
1.251748124953466323e+00
1.213556920773589898e+00
1.179383663639376412e+00
1.146670176127298379e+00
1.117157113377317268e+00
1.088298598572898568e+00
1.058757599972901087e+00
1.034363284790794646e+00
1.007958766146713092e+00
9.814555252407879404e-01
9.575317938021680186e-01
9.325862876915377297e-01
9.108865625457527315e-01
8.881032474031809176e-01
8.678245951909907552e-01
8.488733265166110709e-01
8.291959337102943195e-01
8.071693896639524635e-01
7.883230939643727231e-01
7.709311141733394823e-01
7.532129567320847707e-01
7.349044983327190916e-01
7.175173003500119329e-01
7.005784019204743807e-01
6.852285893091135671e-01
6.686080665723111993e-01
6.532913887994965529e-01
6.384336007058127871e-01
6.239829507827467925e-01
6.095221536689089392e-01
5.952573391654061297e-01
5.808767178425562339e-01
5.678341762562625350e-01
5.539886216209233272e-01
5.407763316496555506e-01
5.289552779757411560e-01
5.160566717784479396e-01
5.039573336704011863e-01
4.927828791789844454e-01
4.805160248172519744e-01
4.691282949310233152e-01
4.572407641650849675e-01
4.459039898510248068e-01
4.347120731158611862e-01
4.247505622202173980e-01
4.131251141709927910e-01
4.021582423876617907e-01
3.916015350817320106e-01
3.814494095621865921e-01
3.712164486422435683e-01
3.616491938460766331e-01
3.518627082846119136e-01
3.431841631215648003e-01
3.326341763048203393e-01
3.227323733570638398e-01
3.134815534384434166e-01
3.041568576960564374e-01
2.948100158812440585e-01
2.862007452887583847e-01
2.772089534496945396e-01
2.687730217571239755e-01
2.606598141169331750e-01
2.519136998309093323e-01
2.424088156401603689e-01
2.327309654218422119e-01
2.235071855979463284e-01
2.152105571000125783e-01
2.055490174756298416e-01
1.955535791691303538e-01
1.851408769520156983e-01
1.757496105753675042e-01
1.627099729983881027e-01
1.451700622307113830e-01
1.192265673034131612e-01
1.513346526674872253e-02
