6.403722385791860816e+00
4.958396880391749306e+00
4.573850479502763022e+00
4.306309197300361546e+00
4.042386407425822448e+00
3.785565654911188904e+00
3.525912035343283346e+00
3.325773956523295993e+00
3.148203697672876888e+00
2.984145595010119667e+00
2.829059671609621684e+00
2.710191173736672177e+00
2.607371872075093577e+00
2.505774661812648851e+00
2.405463918929939826e+00
2.326099533697894017e+00
2.252801353154939346e+00
2.176150918025013592e+00
2.109302806998237134e+00
2.046220429458723622e+00
1.985537125887841814e+00
1.929517343488831971e+00
1.871441737363990221e+00
1.823808047871760873e+00
1.772150607742328576e+00
1.725797944150785357e+00
1.682266660925100465e+00
1.643864922544947316e+00
1.603978565054679173e+00
1.564813911501628629e+00
1.527496435359950278e+00
1.491339466500118727e+00
1.457632132708332362e+00
1.425004885129823373e+00
1.391427311087271912e+00
1.360334981527386189e+00
1.331987479283508469e+00
1.301766096123779359e+00
1.275824703123516590e+00
1.247787417599900417e+00
1.223553509961036623e+00
1.201749890665840814e+00
1.177422285379730038e+00
1.154592453654942785e+00
1.133830125538197509e+00
1.112461323398716395e+00
1.091831728122026668e+00
1.073421417018370461e+00
1.053223980421393646e+00
1.032616061677302577e+00
1.014369479525058404e+00
9.957552538080690629e-01
9.792063175588552326e-01
9.604147705685507352e-01
9.424554978345759393e-01
9.255951000889279801e-01
9.089121363616429194e-01
8.920684427432977737e-01
8.749813877708079168e-01
8.588736017717544247e-01
8.433794743850283604e-01
8.265503152921084284e-01
8.107741799819830897e-01
7.938915815493595707e-01
7.794807504916526630e-01
7.636565108909324495e-01
7.489507293737548421e-01
7.356971507216810702e-01
7.205734096995588533e-01
7.077502471408284590e-01
6.937864433965807986e-01
6.799853184220806535e-01
6.655551379798627654e-01
6.523659331717392984e-01
6.402254884354273701e-01
6.277202791087330702e-01
6.160848253483720560e-01
6.030552475769127563e-01
5.916959898266005435e-01
5.800588867325715547e-01
5.677172371559769948e-01
5.552230323803493128e-01
5.435911608621316615e-01
5.323428533230266657e-01
5.219802948103913209e-01
5.100687665186938169e-01
4.987871261395987466e-01
4.884857330386708218e-01
4.765310834893308201e-01
4.664317852618428129e-01
4.568449240579501858e-01
4.472141035785594521e-01
4.377659917452868532e-01
4.281254955694355768e-01
4.190328616168234599e-01
4.097001067458004298e-01
4.010411419550144463e-01
3.914849037200880399e-01
3.826778805426475083e-01
3.741640399854638810e-01
3.658228102152598082e-01
3.569001859849583180e-01
3.481223498058076404e-01
3.399184690697321654e-01
3.323783046509849459e-01
3.236267537552713902e-01
3.158323113796204229e-01
3.076435921399093276e-01
3.004437732115626258e-01
2.924871582554945948e-01
2.853922899223774734e-01
2.779179538723586251e-01
2.701373961023120218e-01
2.632993506622543500e-01
2.562401565007927373e-01
2.483555519762630504e-01
2.420373333620169654e-01
2.354183066505987909e-01
2.284279578897071561e-01
2.219370580970791706e-01
2.160211297632675109e-01
2.092663318996655641e-01
2.027097422173403940e-01
1.966102466611966970e-01
1.907678530095993086e-01
1.844903983998167352e-01
1.788464944346817020e-01
1.728489525607236066e-01
1.667601175284012804e-01
1.605615457407950919e-01
1.543510717627246120e-01
1.486949841699705122e-01
1.425829674403292779e-01
1.366663194298965989e-01
1.310727850555776230e-01
1.257228544543613491e-01
1.198640137870386896e-01
1.137428660143387088e-01
1.075480180949076880e-01
1.017166450584374021e-01
9.513752425719740335e-02
8.909895815493573679e-02
8.263530268763603914e-02
7.551905115655249690e-02
6.905387766595988408e-02
6.139118564110950665e-02
5.214629633646569729e-02
4.012317310566184542e-02
2.428398179046981423e-02
3.162657977041252299e-03
