7.142257482099969579e+00
5.266269439231640703e+00
4.842003160621981550e+00
4.463328490439797847e+00
4.126803536202835687e+00
3.777145851351627392e+00
3.441375888054198029e+00
3.188618454142796654e+00
2.921831023251195258e+00
2.706257346000360275e+00
2.545387721768219258e+00
2.393094324724684530e+00
2.272475587035140521e+00
2.154109229860214025e+00
2.049513339806968037e+00
1.955419079196773824e+00
1.861919978674338561e+00
1.778257250988313887e+00
1.701874282782926961e+00
1.624623667102032432e+00
1.562385881462055481e+00
1.493831292493224216e+00
1.432563694060663639e+00
1.377660129215224183e+00
1.314001341840173698e+00
1.261245741772951678e+00
1.213849454191631594e+00
1.166613249789062445e+00
1.123092427731823939e+00
1.082714396278013913e+00
1.045223457767003428e+00
1.006728323732822838e+00
9.750781073461708415e-01
9.402093914637477123e-01
9.075149212464188597e-01
8.726387372043332702e-01
8.407338607846125411e-01
8.124505471805081314e-01
7.828328749866928504e-01
7.513576581597447568e-01
7.255159998588065484e-01
6.984671367588337620e-01
6.742809591826457449e-01
6.497625100862998160e-01
6.252986170983967362e-01
6.042564234193829042e-01
5.810914158455868783e-01
5.592403604996564193e-01
5.383981186133152130e-01
5.190334748862474035e-01
4.972186292387381634e-01
4.786834992730489846e-01
4.607040948590201968e-01
4.426519310132932539e-01
4.261863828815149469e-01
4.081736092741378163e-01
3.917422220844082870e-01
3.763781967404812301e-01
3.604720640399053377e-01
3.461621492406002365e-01
3.313317430129746333e-01
3.167950357845172871e-01
3.035120120782902609e-01
2.916840816412801241e-01
2.767427304097573870e-01
2.652842880194150044e-01
2.534176764331302900e-01
2.411506847705132961e-01
2.295322361455342242e-01
2.184964839601115094e-01
2.076048756499861703e-01
1.975004962749783433e-01
1.874914941512222932e-01
1.771547089196464919e-01
1.674612230205169139e-01
1.582118288175368981e-01
1.491469367561519543e-01
1.403547631781023874e-01
1.309204859657291942e-01
1.221926010650560418e-01
1.143103738037682116e-01
1.068762328233285597e-01
9.949494412002636567e-02
9.231105094544643508e-02
8.522885713192550339e-02
7.840636084774091352e-02
7.178354329005590118e-02
6.569610629703231952e-02
5.964034750618957964e-02
5.431572808423406479e-02
4.917601595518081986e-02
4.374236757043648699e-02
3.891631866823249547e-02
3.417763459616839777e-02
2.938175595654632377e-02
2.456777938254612464e-02
1.976749396940587558e-02
1.451967910851782034e-02
9.193630261256852468e-03
3.498976690280457356e-03
