4.283946345041687032e+00
3.268585094442940431e+00
3.046387970166046344e+00
2.851197145444329450e+00
2.673421879531937773e+00
2.505647590115239520e+00
2.318015809181041664e+00
2.184429205732296264e+00
2.068362364491831418e+00
1.962340180946590573e+00
1.879195263865338639e+00
1.793468504064495317e+00
1.731502408698823325e+00
1.670341343470028939e+00
1.615797181440272734e+00
1.564141810030243107e+00
1.518156768696331316e+00
1.475428389918137739e+00
1.435683098420371007e+00
1.396287827328962727e+00
1.362531166211223832e+00
1.329069768354708581e+00
1.298731283857491148e+00
1.266790015218288712e+00
1.237857349682896624e+00
1.208480748682813077e+00
1.181495019642524902e+00
1.155556935298051258e+00
1.131067975324349550e+00
1.108267964343358836e+00
1.086484825241686103e+00
1.066243442964246890e+00
1.047712099827499133e+00
1.028330119679919497e+00
1.009291672252773608e+00
9.912318211147800318e-01
9.718353444593650359e-01
9.561332394811650204e-01
9.395630328620563354e-01
9.237762046246895675e-01
9.074137191973974392e-01
8.929047629233342054e-01
8.786672052985641246e-01
8.628333432560830740e-01
8.498922004354625415e-01
8.363408745013448664e-01
8.224341873612214249e-01
8.094587940115752778e-01
7.974841669040850789e-01
7.840910057033353420e-01
7.717887338414628484e-01
7.601658357105313124e-01
7.484799954098224628e-01
7.359644257162025749e-01
7.244802800718440627e-01
7.132820127698082935e-01
7.014508442278504230e-01
6.909882722765151586e-01
6.797873999962571467e-01
6.686222156299098662e-01
6.591100741219081405e-01
6.483545485161986699e-01
6.384576930835360598e-01
6.280918769231689236e-01
6.183635372515449147e-01
6.079401977317958616e-01
5.989793262044375011e-01
5.891393323322303699e-01
5.799909652437555962e-01
5.714751768308762303e-01
5.624303865101382138e-01
5.533740714883169654e-01
5.442878215201188974e-01
5.347844143426849772e-01
5.260477195771875447e-01
5.175536825179425371e-01
5.084118120762877169e-01
5.001854521563415812e-01
4.904456290015793973e-01
4.815300734209362332e-01
4.731031444078266368e-01
4.649823967524047696e-01
4.564664416555691551e-01
4.483906650737120025e-01
4.391168846044568586e-01
4.309505075427118026e-01
4.221735529242663376e-01
4.135056025062213703e-01
4.051024135504562862e-01
3.972909854543377195e-01
3.876287196634525256e-01
3.790471890355698315e-01
3.688836963231695854e-01
3.593259165705889879e-01
3.484013692967288800e-01
3.365232211940455964e-01
3.224225484192960733e-01
3.050169310558696334e-01
2.773896111666144804e-01
2.600792655825946709e-02
