6.238676603737859594e+00
4.821021951712554987e+00
4.465712268970188248e+00
4.204178849700696219e+00
3.948566953545800562e+00
3.701115188522432486e+00
3.443765808160137443e+00
3.242969826898830288e+00
3.079353812312007665e+00
2.921694285212504294e+00
2.774274329429461616e+00
2.656005985167500416e+00
2.559238407746175170e+00
2.455428186912486765e+00
2.363813675291333016e+00
2.287185462811975878e+00
2.214445967591798681e+00
2.148766063830255924e+00
2.076949211974691512e+00
2.015392212600218169e+00
1.954659420028709071e+00
1.896449554412477978e+00
1.848562238266790114e+00
1.799477199959572671e+00
1.753747555047032503e+00
1.709230890076054443e+00
1.665347923532958463e+00
1.627504820017388720e+00
1.590393220077538361e+00
1.553321988873332504e+00
1.517486977592580999e+00
1.481129183437678298e+00
1.447797385471225384e+00
1.418372980225331315e+00
1.384909505133883334e+00
1.355968639670595888e+00
1.327940737899797385e+00
1.301317959150260384e+00
1.274842843737522990e+00
1.248927521679686681e+00
1.223945409940199402e+00
1.201622620142282161e+00
1.180372404917886309e+00
1.155876309149939996e+00
1.136261540627137911e+00
1.113916162742220939e+00
1.094077695677334594e+00
1.076512512936868227e+00
1.058276683654830963e+00
1.038209430170818237e+00
1.020164600096580276e+00
1.002479987311926557e+00
9.852183348972982646e-01
9.675338134077905439e-01
9.518694933825874172e-01
9.352312156237815310e-01
9.176764098253678004e-01
9.011004642871877079e-01
8.846036520962696770e-01
8.694681009685308881e-01
8.557411522785937086e-01
8.393359517086074195e-01
8.213344737734458167e-01
8.080952126661824497e-01
7.925826799624269281e-01
7.770284820945342341e-01
7.641912097083297661e-01
7.496746018284260460e-01
7.346399138823287434e-01
7.205693960175468815e-01
7.070283059860621444e-01
6.943884188030389204e-01
6.810843879297930892e-01
6.689783196408458643e-01
6.554672446334994795e-01
6.434581167995609974e-01
6.312936258725099226e-01
6.202737172700527601e-01
6.077737062696207948e-01
5.957583405856640146e-01
5.846464228728863732e-01
5.730599233156532524e-01
5.610929884974616977e-01
5.497697533845418150e-01
5.393292016262430932e-01
5.284180681749688357e-01
5.175283190306838588e-01
5.065603330163048756e-01
4.964504477726909837e-01
4.867205006297076197e-01
4.768529507937323553e-01
4.674163400725771522e-01
4.575637835605125825e-01
4.482994830012940191e-01
4.384638228349854727e-01
4.284452317321938430e-01
4.199399119410538450e-01
4.120592274635274110e-01
4.020846843257934733e-01
3.933755218664095055e-01
3.851291070027642593e-01
3.767068978696090920e-01
3.687723887271928680e-01
3.607972558209617819e-01
3.524747476653335987e-01
3.436420730161679482e-01
3.361953186866000198e-01
3.288238735408330893e-01
3.212217627753184979e-01
3.136303269872188215e-01
3.062495184046627461e-01
2.996467608202129096e-01
2.914682813407443729e-01
2.844594176131917673e-01
2.772244268532155775e-01
2.700109185464145689e-01
2.628296957366862419e-01
2.559822516755307920e-01
2.494829792202905849e-01
2.421584722228255493e-01
2.354270958910849865e-01
2.284004578744628366e-01
2.224465072354332440e-01
2.161342387328800685e-01
2.095682659460118835e-01
2.033165697951150042e-01
1.971548919616521456e-01
1.913206882122059360e-01
1.847826859553587664e-01
1.785771768315814190e-01
1.725834207549108157e-01
1.663059116832819595e-01
1.604810075645578815e-01
1.545330448760083852e-01
1.486581261900196405e-01
1.427567190861201984e-01
1.365203571806662963e-01
1.302645490020408470e-01
1.237156547496520015e-01
1.177128712862123144e-01
1.108478349917759870e-01
1.042992581780532585e-01
9.738400879871499105e-02
8.917749247779555022e-02
8.153733146579407454e-02
7.316543295253859214e-02
6.292101672135111401e-02
5.127177927099749177e-02
3.365688770369478638e-02
1.037630203793505398e-03
