4.078794530078436509e+00
3.021894163987390858e+00
2.713416025196386361e+00
2.459654133084020255e+00
2.229845668265025616e+00
2.021839140330691453e+00
1.848085732057104247e+00
1.705204973507866262e+00
1.580040161709335145e+00
1.472902585578291346e+00
1.394837338581653485e+00
1.319634765120478059e+00
1.249926198968262181e+00
1.184033307174420013e+00
1.133406583237415166e+00
1.082179328887216574e+00
1.035855647581037653e+00
9.929144713437058067e-01
9.511780916913434858e-01
9.088149847004346471e-01
8.763337801654677017e-01
8.429881107414086694e-01
8.087481371906384275e-01
7.798919900205163458e-01
7.489520079435101341e-01
7.214679650956721257e-01
6.970503233449705238e-01
6.705720861281474487e-01
6.468883274587952092e-01
6.243638485371597602e-01
6.014418756415310652e-01
5.806434956264436842e-01
5.591840027362210419e-01
5.382750234564630532e-01
5.181146966148717503e-01
4.989222551442894504e-01
4.813147924359920671e-01
4.618799459516761408e-01
4.434915625532535599e-01
4.242090498768782414e-01
4.073291861540361269e-01
3.873754320063380052e-01
3.704421651673017180e-01
3.526126487466663129e-01
3.380841341853570992e-01
3.181661761233279262e-01
2.979581934485324157e-01
2.760240450023520031e-01
2.473842188832550693e-01
9.543269253840978850e-02
