3.895693716514628591e+00
2.996192936373777815e+00
2.801970977592489032e+00
2.631852636436026405e+00
2.474245623449276010e+00
2.326505435861707216e+00
2.162060333539321810e+00
2.045938105838775556e+00
1.941181057824598710e+00
1.849136420552629723e+00
1.775512945390784747e+00
1.701011078677728605e+00
1.645124471167177083e+00
1.593232654727560815e+00
1.547580821828847819e+00
1.497875572963373925e+00
1.460241745027239801e+00
1.421614600832546094e+00
1.386744570532454812e+00
1.353443518993878936e+00
1.323600429488088759e+00
1.294075247521571770e+00
1.267597358879043901e+00
1.240095121918710186e+00
1.213852514777585823e+00
1.188410437585769808e+00
1.164263114769565455e+00
1.141158369485702817e+00
1.120347663878948907e+00
1.100235176464501752e+00
1.081212750714565907e+00
1.063423172584880616e+00
1.046902399404149531e+00
1.029698129291618969e+00
1.013760036372282736e+00
9.978145039533039551e-01
9.809495094757655353e-01
9.667991919808787138e-01
9.520427440793524099e-01
9.389269920875724651e-01
9.248110167039608198e-01
9.118765557225030349e-01
8.984018045249310136e-01
8.847260727035268779e-01
8.738593519825715861e-01
8.620914657528071512e-01
8.497387035418513257e-01
8.381981964061027135e-01
8.277727826510359321e-01
8.159774765344119940e-01
8.048470705850160334e-01
7.937828969824947123e-01
7.840089389682901588e-01
7.727424785285578190e-01
7.625659596314555699e-01
7.526598458022766280e-01
7.422904271122858777e-01
7.326682807334097269e-01
7.218685047585298165e-01
7.123494738299510631e-01
7.028621087397854961e-01
6.935217969609182020e-01
6.847157783034173439e-01
6.757800992864038125e-01
6.669096350554029051e-01
6.577162384384963589e-01
6.490021515984487621e-01
6.402478485924123497e-01
6.316114484772549220e-01
6.236342795297039610e-01
6.155329486602351130e-01
6.067179462104449472e-01
5.989520739050706588e-01
5.906841588522098174e-01
5.822825096356941676e-01
5.745662428297414470e-01
5.659328318993769313e-01
5.579817952832634154e-01
5.500303532233522530e-01
5.422718040329371769e-01
5.340398328707918196e-01
5.257478620839808325e-01
5.177148393074497701e-01
5.098944509323553032e-01
5.020120463642331332e-01
4.935683428938930639e-01
4.855196371689088353e-01
4.769000407737103431e-01
4.691853544136347365e-01
4.618913985585648696e-01
4.522904777230633555e-01
4.446127997084843853e-01
4.346283297740571872e-01
4.252272725510479745e-01
4.148255780650073610e-01
4.045382907100567582e-01
3.929288530403680646e-01
3.742544606589184308e-01
3.473560266365512406e-01
2.234866395569282474e-02
