5.369180016540965106e+00
3.841707724695374804e+00
3.385996737635883491e+00
3.019613580891261861e+00
2.692354939088415389e+00
2.389588128766270803e+00
2.145396326159133338e+00
1.933016379386913952e+00
1.753192261925782036e+00
1.599635360083371705e+00
1.492276552680778634e+00
1.382572623874261719e+00
1.291677385096571706e+00
1.198983014501520117e+00
1.128337403410448525e+00
1.056954661278040497e+00
9.944974296086860344e-01
9.353932685842007988e-01
8.779994872990554144e-01
8.297529064731712367e-01
7.819789976252979891e-01
7.350504422605547150e-01
6.940668568126114879e-01
6.569004096077887267e-01
6.163770727357290591e-01
5.858194976557244971e-01
5.490399897833433407e-01
5.186489088769318245e-01
4.883494465910895865e-01
4.592897110591841470e-01
4.296731509692019446e-01
4.060369156148849745e-01
3.794940259533059468e-01
3.584694428071298899e-01
3.339528661487876082e-01
3.122021785075860256e-01
2.912738167473900575e-01
2.702508983982728763e-01
2.502034958527566966e-01
2.301647065714872986e-01
2.131529320410169293e-01
1.946065839998851743e-01
1.774087732224651215e-01
1.613108108379253391e-01
1.432511145340954195e-01
1.261820155528344811e-01
1.088295114633264088e-01
9.241350687822647014e-02
7.310169106136901740e-02
4.437404184968717774e-02
