4.512181970811617759e+00
3.429401739546453776e+00
3.187485308799116623e+00
2.981748236212634406e+00
2.789166022032093739e+00
2.607971701825489763e+00
2.408563846444410572e+00
2.265826097490885704e+00
2.143224295134754875e+00
2.028562583967693289e+00
1.937556236306472224e+00
1.848135279573193124e+00
1.778205158408254993e+00
1.715573406506613052e+00
1.658685272426611457e+00
1.599855117585527120e+00
1.552217949169783617e+00
1.505302992326948086e+00
1.463641455982416018e+00
1.421592029236962818e+00
1.385542147319359207e+00
1.348142120697082502e+00
1.315788863896904859e+00
1.280903444722710782e+00
1.249583959438813396e+00
1.218842815557779957e+00
1.190234493165956309e+00
1.161709410126633868e+00
1.135447345595901325e+00
1.112348168872579812e+00
1.088479943524372162e+00
1.066418108238951890e+00
1.047004771483261321e+00
1.025126476530286102e+00
1.005048473684296173e+00
9.873246224866073506e-01
9.654714141863586230e-01
9.473964533933615373e-01
9.311139286110368118e-01
9.142233754332377282e-01
8.978642393953678580e-01
8.823012430305644527e-01
8.649054619997212923e-01
8.487232738730277060e-01
8.344258524429788437e-01
8.201734714269144355e-01
8.061665475121212454e-01
7.932625373218599174e-01
7.794120917643884150e-01
7.662295067550537464e-01
7.527447983495422212e-01
7.383791903476044638e-01
7.265767821848281294e-01
7.130695965743300002e-01
7.016357968909274767e-01
6.895099118429385276e-01
6.782131802089272909e-01
6.670535499640282140e-01
6.552102894746799633e-01
6.440830325064077488e-01
6.328805131353490987e-01
6.225185243522034506e-01
6.116809117534727225e-01
6.005418752224287449e-01
5.891470302371535350e-01
5.796651690084532182e-01
5.707449152848326213e-01
5.601780388545053446e-01
5.503224558149755197e-01
5.410140786929187318e-01
5.314534929471865787e-01
5.215203057283873678e-01
5.125872473613414249e-01
5.025770054538485354e-01
4.941096305605604533e-01
4.846142348723687654e-01
4.757732967536956181e-01
4.661745193458007308e-01
4.564543759060030736e-01
4.482704886323807814e-01
4.385117830004632289e-01
4.298747653073126673e-01
4.220413809593492882e-01
4.126904276422408424e-01
4.042037162573868803e-01
3.957303923937750545e-01
3.869753328823620220e-01
3.784445270550492180e-01
3.690070367949951358e-01
3.608139719621394903e-01
3.516563975134802678e-01
3.432231122954015334e-01
3.320604753339019277e-01
3.218286216046196690e-01
3.112855335580334559e-01
2.994085371391008721e-01
2.865306753566149722e-01
2.691222966969225028e-01
2.406085307290510011e-01
2.276698498028756693e-02
