2.370896238051336979e+00
1.901366764165865364e+00
1.771082804462716265e+00
1.660252486063373834e+00
1.558562198869346105e+00
1.470210518022213364e+00
1.390902521371734979e+00
1.331127171068591020e+00
1.275201138149684166e+00
1.228365576909797641e+00
1.193042046713457260e+00
1.158385114009919503e+00
1.127520146889412489e+00
1.100717350850497933e+00
1.076561769906355437e+00
1.055130049037481310e+00
1.033889372788629135e+00
1.014969093051790505e+00
9.974337328573400496e-01
9.795845527154608545e-01
9.633320541765916234e-01
9.486382248104210380e-01
9.333113796710097443e-01
9.196434982310224271e-01
9.064825531850835283e-01
8.945157310113274196e-01
8.812441521389980936e-01
8.696345712632823632e-01
8.588052689337295487e-01
8.485228344527477873e-01
8.379652614317556480e-01
8.261189249079248231e-01
8.166052730977182428e-01
8.063014971520087171e-01
7.961853201750708209e-01
7.859997683759997189e-01
7.767490261632251647e-01
7.665726668448161751e-01
7.565040719758886478e-01
7.468358072286973570e-01
7.368148007781605280e-01
7.258080454654249891e-01
7.153425450687559417e-01
7.048611035655550916e-01
6.935524296743775796e-01
6.826055508751939227e-01
6.691813815330367454e-01
6.549352195895959960e-01
6.334270414855420750e-01
1.483033507820294139e-01
