4.681680506053499613e+00
3.660118938852381820e+00
3.412911414582791902e+00
3.238529073621757348e+00
3.056615006166830906e+00
2.880928250988776362e+00
2.701659751761251282e+00
2.564055160176787140e+00
2.450955968178133659e+00
2.341216208296573509e+00
2.241257130411892007e+00
2.163794071209834247e+00
2.092005164196142353e+00
2.020481024839143824e+00
1.961397643763282517e+00
1.907033218617991688e+00
1.859822844329185543e+00
1.810764046655065407e+00
1.765813547264095007e+00
1.725816536049877170e+00
1.682946765409664369e+00
1.645648232796623534e+00
1.611204889059684175e+00
1.577174600475623079e+00
1.545418213347541814e+00
1.515979489214610121e+00
1.487380147014256915e+00
1.459014736711687021e+00
1.432418075911852995e+00
1.406488036840205291e+00
1.382945724998907444e+00
1.359327574807721595e+00
1.338898818377435962e+00
1.317747373959621271e+00
1.291964565992841152e+00
1.273195823003490768e+00
1.253967379207456823e+00
1.235585696030881975e+00
1.216804029156082878e+00
1.200141854430953003e+00
1.183392950042922775e+00
1.166655106452248791e+00
1.151000685152594460e+00
1.137424081529354591e+00
1.122318628567323451e+00
1.108151361245841793e+00
1.095196320566600656e+00
1.082285022002140717e+00
1.069280128633437910e+00
1.057789677196359968e+00
1.044563008248759584e+00
1.033111373292218138e+00
1.021797612792920251e+00
1.009704138477709678e+00
9.981898794024456345e-01
9.889853200028408953e-01
9.779185384944475423e-01
9.665774259905199894e-01
9.557847418927262195e-01
9.449652182892388508e-01
9.342096914519504303e-01
9.235131858525472692e-01
9.119804991601752064e-01
9.014806551146421487e-01
8.914952188611974249e-01
8.818448803794178836e-01
8.714736644051812586e-01
8.612024589995068702e-01
8.505596710401123195e-01
8.403884199224000984e-01
8.312404778466893074e-01
8.212241367431737382e-01
8.105109136118068269e-01
8.018785459298857221e-01
7.919711632769930176e-01
7.821205304645637568e-01
7.724933655944451472e-01
7.641490289951061721e-01
7.552946539972934525e-01
7.458665788501486205e-01
7.368665682776576187e-01
7.277729073808917315e-01
7.198581563984250975e-01
7.110675860540857096e-01
7.030840230700974303e-01
6.934545443007053001e-01
6.854039107400201614e-01
6.769031325307028890e-01
6.684929978964521124e-01
6.598884723392174356e-01
6.525311302367362565e-01
6.444221996317923695e-01
6.364783613109159521e-01
6.280021466322694979e-01
6.204399610677525656e-01
6.131188082811402928e-01
6.057489674295234439e-01
5.979910233579688317e-01
5.902634016941877837e-01
5.837314294029233297e-01
5.758493851391967011e-01
5.688044696840308667e-01
5.610435651370845322e-01
5.536012803752773381e-01
5.468899043707855512e-01
5.396079699494675808e-01
5.329232585128833577e-01
5.267101305855168558e-01
5.198601086625304069e-01
5.135133056711018718e-01
5.064242732228869670e-01
4.991527644378935258e-01
4.926029324845304647e-01
4.856039149080631501e-01
4.794614060894887286e-01
4.730258470011006189e-01
4.662989905118639089e-01
4.603061976344037243e-01
4.535372879729523965e-01
4.473381275288788039e-01
4.408839733784029047e-01
4.347426598647746165e-01
4.285030756603277480e-01
4.216790239185834177e-01
4.151548536951492618e-01
4.098239769228295692e-01
4.037028991856612126e-01
3.968933737697906694e-01
3.900085061247415830e-01
3.842748097215729630e-01
3.773369870517681579e-01
3.712710798562202652e-01
3.647932986262234500e-01
3.575940019090789734e-01
3.516515747438027084e-01
3.449558357085366067e-01
3.379317220597654603e-01
3.305175803424239556e-01
3.234503734886702286e-01
3.165465070424478555e-01
3.096401014997637868e-01
3.022099902089503409e-01
2.933603238011872616e-01
2.843609820100508889e-01
2.749245455759486978e-01
2.631283646561844436e-01
2.487837000684353650e-01
2.275182193621976268e-01
1.959447710536301179e-01
9.241549247142221563e-03
