4.801260744766690181e+00
3.489010741253955494e+00
3.094361641456476963e+00
2.780907335933008095e+00
2.496873069042169657e+00
2.235015894529185587e+00
2.018498793148249870e+00
1.842565177412405220e+00
1.684824407623477294e+00
1.548559625743619605e+00
1.453260991417387515e+00
1.361174228253310359e+00
1.279068341571957257e+00
1.195249089622205219e+00
1.129438084176179080e+00
1.070094808011487153e+00
1.015355209136127534e+00
9.671620845138300115e-01
9.165937091973553885e-01
8.660772794199240732e-01
8.269361171271153443e-01
7.845492389821069334e-01
7.435216485363046468e-01
7.108705710252997134e-01
6.744225423148438869e-01
6.427755135814954279e-01
6.130881406425394697e-01
5.854606523887985192e-01
5.568591097202320039e-01
5.289453565006617675e-01
5.041383730512177808e-01
4.813689045894602447e-01
4.584853991054266276e-01
4.362978963432414536e-01
4.141103435648685327e-01
3.921153408299553611e-01
3.727381922496851296e-01
3.512433799356698416e-01
3.306408506168586059e-01
3.107118097365837994e-01
2.935412869160564653e-01
2.730098883298309742e-01
2.550372565204042097e-01
2.375011875427802954e-01
2.196418952096527433e-01
2.019704003338597398e-01
1.835282342026607061e-01
1.626997726084493945e-01
1.395372403214039381e-01
6.890220094353702307e-02
