6.630425369495565491e+00
4.896828477715621020e+00
4.486292425705660669e+00
4.153647957370407262e+00
3.842653904794217201e+00
3.541333135102080032e+00
3.216055338028469546e+00
2.983123909470686286e+00
2.780979155769426114e+00
2.587471633559358608e+00
2.427575901713042494e+00
2.287324816996154198e+00
2.178083513933779525e+00
2.069270229837053332e+00
1.977673522288718955e+00
1.884142112305367434e+00
1.804248679472680639e+00
1.730716943646675388e+00
1.660782340364511445e+00
1.588963964356325587e+00
1.532218383296934494e+00
1.476293428245997852e+00
1.414936957638649018e+00
1.364870313978703731e+00
1.316868912547845438e+00
1.267654358241489865e+00
1.221994147235655026e+00
1.179964887566391063e+00
1.140264511233039624e+00
1.102878914733155025e+00
1.064729046371022614e+00
1.032733636543115452e+00
9.996955785670700312e-01
9.659971812259164903e-01
9.340660496908086419e-01
9.035539130505801930e-01
8.723712479960356037e-01
8.451039015698552648e-01
8.166330097057767912e-01
7.923624560885356161e-01
7.652151989461392079e-01
7.423922684565367192e-01
7.203742157510988342e-01
6.965121897590645927e-01
6.751767806184807430e-01
6.541346631300575254e-01
6.330663889675826050e-01
6.141031458776751162e-01
5.941718571334343446e-01
5.756372490096434147e-01
5.558330445592354341e-01
5.385570205878762451e-01
5.205123557765096720e-01
5.028672561944020902e-01
4.864789343698431301e-01
4.707464419099136599e-01
4.555493181373107547e-01
4.410583913992900396e-01
4.264783569717557343e-01
4.112149797315783895e-01
3.963427890891181860e-01
3.818950114896352832e-01
3.687794573560713718e-01
3.554814349304411536e-01
3.417670607739806687e-01
3.286030699212622586e-01
3.165511462797092612e-01
3.052087815854820363e-01
2.928987634440728405e-01
2.819124234937798734e-01
2.704251002705656548e-01
2.589815512938528630e-01
2.488311584972759394e-01
2.391907540074276750e-01
2.290671544476375887e-01
2.183181637213917892e-01
2.090285058348654024e-01
1.997270284600747847e-01
1.900643192600009745e-01
1.808937227929736380e-01
1.721904217587550689e-01
1.639723972740569358e-01
1.551833994915783332e-01
1.463708840345510354e-01
1.389184669797134397e-01
1.307350543524891662e-01
1.231681692978088272e-01
1.157334866134673013e-01
1.082291370981916107e-01
1.006676906397130505e-01
9.360299371083494191e-02
8.625543463693753632e-02
7.884299173182149345e-02
7.150703562861396301e-02
6.426878186799477033e-02
5.704029018056938627e-02
5.011365911694155156e-02
4.041756659302774696e-02
2.880714513997441675e-02
7.143372163532927047e-03
