3.938980039349199824e+00
2.935143702571333613e+00
2.639345640188079933e+00
2.395078711118226344e+00
2.178097154316949613e+00
1.978549474778343198e+00
1.813643519757701217e+00
1.677834408606773353e+00
1.557361781146360924e+00
1.455114119524918870e+00
1.381842086081925602e+00
1.306552635219362157e+00
1.242109340698804409e+00
1.179780484142869401e+00
1.130865187454536569e+00
1.081163145746312670e+00
1.037942986559702296e+00
9.959192930976955571e-01
9.567606817535806440e-01
9.151960584764998741e-01
8.843785623110944627e-01
8.533964788065639961e-01
8.205462571120365478e-01
7.921617390312597484e-01
7.619030665796653334e-01
7.364673910998356110e-01
7.109290093520425069e-01
6.879214569208713659e-01
6.655265317185090623e-01
6.433546452287332018e-01
6.212559014982529382e-01
6.003057569953571537e-01
5.805818553884365407e-01
5.602073570303379713e-01
5.397032081288314354e-01
5.194631024759545079e-01
5.024959466508395201e-01
4.853771779553028298e-01
4.674461819561115394e-01
4.486321457986259809e-01
4.306871382491728184e-01
4.133189828948291011e-01
3.967742191200814839e-01
3.781010193849081436e-01
3.615632988389756997e-01
3.436591421547975367e-01
3.226770747039096054e-01
3.011514500296630925e-01
2.716187479820534878e-01
1.011147040137615194e-01
