7.218984091418433557e+00
5.299809259999066491e+00
4.846193941422432871e+00
4.472500418978401449e+00
4.123495249126294837e+00
3.789057206403798173e+00
3.426662040127152586e+00
3.175868571402101992e+00
2.942724992669825568e+00
2.724493730678570813e+00
2.554132127302097377e+00
2.395517641058228619e+00
2.276020370565989381e+00
2.149152278162266505e+00
2.050823370007029744e+00
1.942363473000064067e+00
1.855798038485360957e+00
1.771832245368211156e+00
1.701807049454230780e+00
1.623630234121510751e+00
1.557853402839521895e+00
1.490863704160032555e+00
1.431319947630200318e+00
1.378795471004161444e+00
1.322923995993660951e+00
1.266854985450741156e+00
1.219810260113821876e+00
1.174638411797397808e+00
1.128640484085334350e+00
1.085877926737985222e+00
1.046760962577407028e+00
1.010319456736996635e+00
9.720564934566167103e-01
9.414217054816130803e-01
9.060235709910484658e-01
8.708612019526746906e-01
8.394233008793784423e-01
8.072064621134511508e-01
7.817777369446045066e-01
7.518936975617532825e-01
7.270135731109018673e-01
6.991657528948312939e-01
6.721311368056439584e-01
6.482145642493049031e-01
6.262334108856794090e-01
6.022535672392106409e-01
5.803276231195986234e-01
5.590328469349894469e-01
5.367945553266411096e-01
5.158074893890085555e-01
4.954822643988420205e-01
4.766708886270960566e-01
4.588664746820219076e-01
4.408101526047474850e-01
4.226174444690316001e-01
4.043525388041406821e-01
3.891477880138667911e-01
3.737380680871074112e-01
3.587267733084694710e-01
3.426152933254011379e-01
3.280376203138463675e-01
3.143857971599758883e-01
3.001203311086219627e-01
2.877003380692046419e-01
2.739327640959443033e-01
2.617445785297139449e-01
2.493320506887240773e-01
2.380240382746500738e-01
2.250504724390404165e-01
2.133475693984773214e-01
2.025930143047462162e-01
1.915275435855023356e-01
1.819962153219949752e-01
1.727758720840445184e-01
1.627367290090031837e-01
1.532447249818933155e-01
1.447601144107527604e-01
1.361942697894908683e-01
1.277040472255916992e-01
1.197632701162563706e-01
1.121439324044265218e-01
1.034548652688025983e-01
9.696163935385720967e-02
8.962170844212502541e-02
8.280181892482164907e-02
7.627991248427476445e-02
6.984241775455590773e-02
6.366587958534521141e-02
5.770991491412682389e-02
5.212863174093187307e-02
4.694720810487565399e-02
4.154323055231207845e-02
3.690926729639123355e-02
3.245383174887381955e-02
2.742434604521131608e-02
2.332839930733256878e-02
1.851947848582036205e-02
1.406370535866864266e-02
9.501134067173299530e-03
3.535602716575897246e-03
