2.804218856237277624e+00
2.187658301308884390e+00
2.012819525172938384e+00
1.865619028015488734e+00
1.731886021897248717e+00
1.614178549023434384e+00
1.511819972342165475e+00
1.431605956262887780e+00
1.357898315066373707e+00
1.296051591883772947e+00
1.249835546107759932e+00
1.204738171978283034e+00
1.162657458443157710e+00
1.127764047554738580e+00
1.095608119066836306e+00
1.067031695032022220e+00
1.039215106096838426e+00
1.013939656828538816e+00
9.898781974061151567e-01
9.652244627088643059e-01
9.449541781737083035e-01
9.248430410550129155e-01
9.046433418032764351e-01
8.868197507142735470e-01
8.689397863464105587e-01
8.531053859884201174e-01
8.360115848473439470e-01
8.202491131178226702e-01
8.059673511832408099e-01
7.926309176684379620e-01
7.785714673856140022e-01
7.630239914909260346e-01
7.503202173990475288e-01
7.368868605861212950e-01
7.234579005408779961e-01
7.106679495339983665e-01
6.987376798864579630e-01
6.857005042122533700e-01
6.724072980899840069e-01
6.601417809241454382e-01
6.467920811916123558e-01
6.336454232262129782e-01
6.208898162669692633e-01
6.087350149872435834e-01
5.936239199299567781e-01
5.804081162892782420e-01
5.637721245710977103e-01
5.456281328261028962e-01
5.199629773534804045e-01
1.388137139770438400e-01
