7.311749897856842928e+00
5.621963118989486752e+00
5.183894942155522934e+00
4.863958578477811656e+00
4.561135706822466496e+00
4.249395912188743907e+00
3.944369448113482779e+00
3.711062550922081371e+00
3.497357206321653589e+00
3.298628715504621667e+00
3.120598178350616703e+00
2.968174741735105204e+00
2.844677840880373232e+00
2.729493078105924564e+00
2.614302408673117917e+00
2.516870381424000325e+00
2.428571657272525552e+00
2.347318877697761152e+00
2.264320365039473426e+00
2.186944682348959557e+00
2.111996116047171412e+00
2.049199314911396286e+00
1.988837469440639438e+00
1.932690470901379465e+00
1.873566874255829573e+00
1.815390041771016483e+00
1.766915456106521898e+00
1.714700668822186636e+00
1.670747556437988557e+00
1.626091597776102793e+00
1.584638404644240772e+00
1.541205367956245853e+00
1.497239706730453035e+00
1.458336429928781319e+00
1.422682449382921765e+00
1.386273721127682546e+00
1.352322259331866450e+00
1.316172559053462976e+00
1.288315705015320445e+00
1.258276484323452404e+00
1.232226979260301336e+00
1.203570350027838298e+00
1.176624597044107823e+00
1.147005618020921602e+00
1.121782134333520808e+00
1.095905721354219597e+00
1.073129388906007398e+00
1.049433559182045395e+00
1.027419737293143065e+00
1.002439958026296374e+00
9.798593590936023334e-01
9.587176074119916347e-01
9.386869802622781478e-01
9.158150282644632600e-01
8.972598609816918591e-01
8.761921305183946185e-01
8.571208335277288315e-01
8.366521605880812285e-01
8.175762001916579980e-01
8.000335378472607228e-01
7.813650043016394653e-01
7.616860431154092170e-01
7.417016687017283783e-01
7.229983807239496185e-01
7.072974464817844975e-01
6.909607895144719292e-01
6.747491067485070770e-01
6.595037313949698721e-01
6.429289957539024991e-01
6.263522114985128342e-01
6.118563551573402703e-01
5.954991807211479360e-01
5.795239184499088037e-01
5.648032461144916194e-01
5.496448213966502738e-01
5.359604049163561035e-01
5.214744346805467723e-01
5.089740885960408745e-01
4.956300740591739196e-01
4.828530023459798870e-01
4.688945190377570849e-01
4.576490495747949638e-01
4.450464565716200638e-01
4.331316921436438871e-01
4.215578966434261332e-01
4.088283009918839417e-01
3.979568757983776295e-01
3.853766348306571499e-01
3.755729756681906450e-01
3.638472726321168027e-01
3.534999011300196670e-01
3.425377416907300909e-01
3.329400961586083674e-01
3.231272514706223231e-01
3.138031585830841075e-01
3.041392046683066286e-01
2.948929959494865360e-01
2.854073608714850496e-01
2.756292478896938403e-01
2.669192035316091949e-01
2.584855876947868003e-01
2.503601367295243407e-01
2.417465977011299116e-01
2.338195440341249431e-01
2.257002765786540743e-01
2.180731668151931757e-01
2.102801185562753750e-01
2.029192596895549872e-01
1.969008780843543027e-01
1.896990590049378034e-01
1.820931305613196494e-01
1.753628562473276142e-01
1.683145843820027798e-01
1.615235167328061272e-01
1.553984280757367831e-01
1.488851182023625264e-01
1.431021010142414507e-01
1.363513057397483796e-01
1.306905875313397747e-01
1.249572143454604212e-01
1.195535216627050812e-01
1.141379329559482209e-01
1.081296486275590274e-01
1.031645173507536872e-01
9.785805504169597935e-02
9.238124722479101880e-02
8.775106660307860351e-02
8.301448154859614181e-02
7.799186780247392703e-02
7.350703394387859968e-02
6.868800919438579344e-02
6.441587758772632233e-02
6.013502667729626883e-02
5.613516723782817353e-02
5.232748383534953363e-02
4.811176015024012237e-02
4.442258118396885669e-02
4.070384662078042198e-02
3.720795544331474691e-02
3.352848186033549616e-02
2.989831501381712622e-02
2.659825826287095726e-02
2.277499478963540200e-02
1.941551462407504342e-02
1.635107273905621675e-02
1.282441411962843836e-02
9.390902144220227357e-03
6.169130057235393608e-03
3.479867704219119420e-03
9.090747822455037819e-04
