7.042497266881031948e+00
5.425929918667202756e+00
5.009831133780008550e+00
4.703909063290696579e+00
4.408862924968154573e+00
4.116244021811798603e+00
3.826534083550044318e+00
3.596418955427594266e+00
3.390158355159822001e+00
3.205740656173143854e+00
3.035498040879821335e+00
2.897506540235052164e+00
2.779570394994890226e+00
2.660404661592616016e+00
2.552099248834876377e+00
2.473953994856431748e+00
2.381280432778265066e+00
2.297881456031761971e+00
2.222419679357863664e+00
2.148978467356116084e+00
2.077508694569974779e+00
2.018454688535237018e+00
1.958474024054317697e+00
1.900766204720680808e+00
1.839591047216465824e+00
1.782629063581933071e+00
1.740734396119811622e+00
1.694130569762542393e+00
1.652498916376567317e+00
1.606989186625632726e+00
1.566639443804294096e+00
1.522995459979055166e+00
1.486038681454276089e+00
1.449681923235147663e+00
1.416643755371651769e+00
1.381698667586456430e+00
1.348584203381774982e+00
1.318142705875217535e+00
1.286159898782009536e+00
1.255619457560701369e+00
1.230767999219389397e+00
1.201412646975691834e+00
1.177111755496695666e+00
1.151407656896986653e+00
1.125090878731769939e+00
1.102828156966458195e+00
1.079967619419881286e+00
1.056253550369688154e+00
1.035364444372814496e+00
1.013650531411691924e+00
9.901948966894167370e-01
9.691312650516828997e-01
9.499482238933896205e-01
9.292395207950064906e-01
9.114465389966364128e-01
8.923465103544734323e-01
8.741418117785819675e-01
8.552915649136874077e-01
8.373676149512780942e-01
8.179803435513933740e-01
7.999655414358182171e-01
7.818616227494732396e-01
7.643386550792693468e-01
7.455900864975540943e-01
7.288733785210829152e-01
7.125256147544591911e-01
6.959017002502052573e-01
6.803195869365652459e-01
6.647473364634274295e-01
6.493625500224513569e-01
6.344276197110008120e-01
6.192052682233792904e-01
6.045411666079876234e-01
5.916640705198140671e-01
5.779923368375778914e-01
5.640523722326062916e-01
5.501324645150370563e-01
5.359983827111400867e-01
5.231299460943783508e-01
5.112085793797680466e-01
4.972009627879384608e-01
4.857326995191341146e-01
4.731405470435328664e-01
4.625692867275252862e-01
4.504952184003352955e-01
4.391475351898318502e-01
4.278103223958412138e-01
4.163325100500325227e-01
4.050321040455737154e-01
3.950697459683433777e-01
3.847086360022330953e-01
3.742816301892162856e-01
3.643835126249317380e-01
3.550499273750851725e-01
3.450895688699864849e-01
3.355904391414030186e-01
3.261070878976126686e-01
3.169052409557577832e-01
3.073315336522740027e-01
2.982058692812245004e-01
2.898081210332000834e-01
2.812767581256456761e-01
2.730664765694214569e-01
2.647430865892685392e-01
2.575271833159273327e-01
2.497056585405803830e-01
2.413159614939048292e-01
2.338691780420156241e-01
2.266161219784822711e-01
2.191587138943021928e-01
2.116683197566799901e-01
2.047194826060483031e-01
1.978535020737051398e-01
1.911170329305930116e-01
1.843046721289489931e-01
1.777948921215058431e-01
1.711904172674182378e-01
1.646922627606814127e-01
1.584470603094909613e-01
1.526001974584097753e-01
1.469808450010950118e-01
1.410211946050149434e-01
1.349794393927747360e-01
1.290800131991143851e-01
1.232974144718535503e-01
1.178399812007749625e-01
1.126695109231466430e-01
1.072260846676970775e-01
1.017729011937662381e-01
9.711282262914379404e-02
9.207404716905345787e-02
8.741747540365113478e-02
8.255388502899631276e-02
7.776448038050920442e-02
7.308438480517472080e-02
6.847647293861133799e-02
6.413706736944407849e-02
5.994438075408063671e-02
5.536759757350719069e-02
5.092261577010528256e-02
4.685991515260660989e-02
4.205601144914674488e-02
3.753652188155507524e-02
3.296415820941216157e-02
2.793750984310919283e-02
2.280937068127572576e-02
1.758300557925079541e-02
1.223043807633221458e-02
6.909853202998122307e-03
1.249028732183942282e-03
