5.830755624061747966e+00
4.345178044218960700e+00
3.998766697105832435e+00
3.718312185524092151e+00
3.455441550181020727e+00
3.193569040987382923e+00
2.919522990486929093e+00
2.722497296794598398e+00
2.550855178703543391e+00
2.391193108574297010e+00
2.249881353002274320e+00
2.133408702572046955e+00
2.038871197559130266e+00
1.951938639365434991e+00
1.869312754332166815e+00
1.790308756015691172e+00
1.719179279992004261e+00
1.658360591249252503e+00
1.599180961543859691e+00
1.537725300353711244e+00
1.486285805185148856e+00
1.438907680740316497e+00
1.391065576982378538e+00
1.345085284920879420e+00
1.299564084636307015e+00
1.261647454097806653e+00
1.222228216950266066e+00
1.182203752621420634e+00
1.145291921622181297e+00
1.113825179206729521e+00
1.082286099772630239e+00
1.049659389681703248e+00
1.024339799205049140e+00
9.972540912153369241e-01
9.677519175943269936e-01
9.426150796294336942e-01
9.148515271888711942e-01
8.913091052704473771e-01
8.679208184704140239e-01
8.467588133305241627e-01
8.228824345691198028e-01
8.003392237763981010e-01
7.775597564130377615e-01
7.591354255729452216e-01
7.380122925860580496e-01
7.214778225490432462e-01
7.020470642648294346e-01
6.843341180520794431e-01
6.663537593992614472e-01
6.478289050848344832e-01
6.311946320973548241e-01
6.138583373117572073e-01
5.991657911534362668e-01
5.832214768047486730e-01
5.695397674434092838e-01
5.554942125861568325e-01
5.398946254630994090e-01
5.252302439604851214e-01
5.104911649098989868e-01
4.958045301083529033e-01
4.840128561736234958e-01
4.718699932621774340e-01
4.594730640220465734e-01
4.457209471285550340e-01
4.337683746681644803e-01
4.221097490775285732e-01
4.100203006109061632e-01
3.966277509635602883e-01
3.846334229845224661e-01
3.743739658169227824e-01
3.633884082263852400e-01
3.525147798771904872e-01
3.418086975792919979e-01
3.318255242820408180e-01
3.215448316679615504e-01
3.121719482386013933e-01
3.011904715961419843e-01
2.912632419451351984e-01
2.819009406830062514e-01
2.728733936342322974e-01
2.641951814497633944e-01
2.551589853914606465e-01
2.458151379763019173e-01
2.355847825744732671e-01
2.266890669849420392e-01
2.173973466840687929e-01
2.091769747751594799e-01
2.005506487148408512e-01
1.914609939887236267e-01
1.834104236353565898e-01
1.745663186700320280e-01
1.658011275794331607e-01
1.570682996412955112e-01
1.476221373294059891e-01
1.381106248212275456e-01
1.283181937197588329e-01
1.173805155712986242e-01
1.039186830733176414e-01
8.339262013784080885e-02
1.231283979084241142e-02
