8.926474776405230571e+00
6.805906398310384020e+00
6.252332560105909209e+00
5.839054619588725181e+00
5.450804420252190141e+00
5.055362403948288730e+00
4.678254601969698889e+00
4.371570041606445578e+00
4.085180338147481827e+00
3.818568111067373927e+00
3.606267802081964291e+00
3.418495041008208002e+00
3.260859409919701246e+00
3.104598663799303715e+00
2.967543701647433085e+00
2.849016678392999768e+00
2.723384753941477943e+00
2.611787375158550084e+00
2.506370342309478971e+00
2.415411450792459558e+00
2.314995130092348585e+00
2.232651829827196011e+00
2.151117768034030320e+00
2.078429543004842728e+00
2.005033122167122706e+00
1.935842580290692450e+00
1.867316160499801203e+00
1.802234625861761197e+00
1.747790131507631850e+00
1.695757580482727400e+00
1.642571473225610923e+00
1.590596649560921838e+00
1.538353956182155091e+00
1.490318956827664465e+00
1.441584104203629702e+00
1.400162476386245469e+00
1.359515203772525327e+00
1.322160525432281686e+00
1.285132433573217270e+00
1.243500972082097533e+00
1.204913680469794413e+00
1.168011157971908576e+00
1.134605422533838448e+00
1.103486709108756347e+00
1.070863542790636336e+00
1.039986898348382205e+00
1.009100237043696113e+00
9.774319897365579823e-01
9.456206336496876252e-01
9.152160060444357592e-01
8.848997863785642570e-01
8.568128388134303997e-01
8.323945999043982358e-01
8.043104180613057652e-01
7.788069344745839340e-01
7.543493316981182417e-01
7.273659243814205588e-01
7.037852783255484912e-01
6.781406308152228002e-01
6.541495118299092137e-01
6.313103738111531804e-01
6.099230125836461180e-01
5.863029551489091773e-01
5.656218667397795441e-01
5.447484794318246948e-01
5.240285039720125049e-01
5.050060985262763147e-01
4.849579429783358875e-01
4.666735888039702518e-01
4.481632801069004857e-01
4.285004905324855673e-01
4.118393599992062337e-01
3.937125004014665475e-01
3.783632318812653605e-01
3.616731736204288894e-01
3.463953266436914369e-01
3.299986517288517329e-01
3.144044006475446573e-01
3.004613621928269862e-01
2.870717704081807153e-01
2.731475925243565528e-01
2.596218686718157476e-01
2.471749535369222872e-01
2.337075562196047340e-01
2.228687757123787583e-01
2.106209087623586718e-01
1.981658220897765665e-01
1.867763569237448629e-01
1.764467686041714944e-01
1.646328243285943294e-01
1.547002835164268675e-01
1.456624815315791521e-01
1.361703610139988752e-01
1.274679100703366430e-01
1.189418509748189773e-01
1.113764482599638173e-01
1.026331987444754068e-01
9.483705124247307494e-02
8.759285747843639780e-02
8.057555731028567814e-02
7.405276133848470721e-02
6.759440682899223174e-02
6.145061603639065395e-02
5.613199510476235554e-02
5.060888623855804708e-02
4.555632491878061630e-02
4.026439765007226029e-02
3.581745574001100191e-02
3.151960742305909280e-02
2.755564025386330815e-02
2.430152262028425353e-02
2.091933458425555489e-02
1.774616112622232761e-02
1.484499806819811196e-02
1.230771481220511651e-02
9.938118640430548129e-03
7.836658691521680015e-03
5.992865774753140112e-03
4.237594653373980697e-03
2.484895972506112518e-03
7.391004165531359779e-15
5.237761573242806662e-15
3.973207563319847138e-15
2.998143368889911410e-15
2.307215876989470917e-15
1.822543128343702967e-15
1.475245954271886314e-15
1.124433757487773766e-15
8.887171561405379490e-16
7.003194957338213902e-16
5.207044098076971637e-16
3.977239313314366890e-16
2.733540288151198355e-16
1.548592183598143917e-16
3.884581436771784076e-17
-5.747649919826060843e-17
-1.673891909115147907e-16
-2.907446040473194333e-16
-4.206558239683560364e-16
-5.863207022889397733e-16
-7.686751964372539602e-16
-1.002391341820006691e-15
-1.251449571029896892e-15
-1.603882024710787788e-15
-2.032877560737497833e-15
-2.629909414261236770e-15
-3.393670840387735812e-15
-4.327639638437179295e-15
-5.673560693022446121e-15
-8.043738044177771446e-15
