5.592337871012163397e+00
4.344184697033626641e+00
4.029730475103331599e+00
3.804341369984781451e+00
3.581176933179187838e+00
3.356230656251113498e+00
3.135799390842036516e+00
2.968220521297474157e+00
2.817485279250001806e+00
2.678908199420821479e+00
2.556581645358278365e+00
2.455285849633864537e+00
2.366371394015191143e+00
2.278249349346198827e+00
2.202591758871015326e+00
2.133875601722253990e+00
2.069403123189380800e+00
2.007400455004222817e+00
1.949877429095757009e+00
1.895971012708068004e+00
1.844572755329338953e+00
1.798936014918281590e+00
1.752361178175671386e+00
1.710962354823901466e+00
1.672265102492440647e+00
1.633366082536926278e+00
1.598200699632891464e+00
1.563349611167341724e+00
1.525488715291770880e+00
1.497095295553391825e+00
1.465683839523964638e+00
1.435283611170814266e+00
1.407371410909665332e+00
1.379574350523443904e+00
1.351488505198605417e+00
1.327757490265420115e+00
1.300549929134028559e+00
1.279011825636341193e+00
1.256457976671765175e+00
1.234245771786488310e+00
1.212921929516516784e+00
1.193179768453154654e+00
1.173940827751520422e+00
1.153143253464670615e+00
1.135774277259421927e+00
1.118744348084792950e+00
1.098738351289818338e+00
1.082786807088481629e+00
1.067226578778996737e+00
1.052846450286855973e+00
1.036522541912699102e+00
1.020619720752871773e+00
1.004621494802591775e+00
9.909677887330012869e-01
9.760753910107191622e-01
9.619876121736795627e-01
9.482298079721677153e-01
9.342097508881016532e-01
9.200712920228519831e-01
9.064060238873768993e-01
8.923567801285170464e-01
8.782788887668278033e-01
8.656550214411822264e-01
8.521184804133429269e-01
8.396956423830113092e-01
8.266093562942874451e-01
8.136213583977038866e-01
8.002077537945306851e-01
7.877556662427945833e-01
7.753000876245386142e-01
7.627347042122625265e-01
7.505457028640986072e-01
7.387390630161594363e-01
7.271370655956974627e-01
7.159090546503615871e-01
7.042990667201993737e-01
6.933146112949003514e-01
6.822343310170643216e-01
6.719289107478655376e-01
6.602635247351072989e-01
6.493028520969119644e-01
6.391809248806271659e-01
6.297220749210941104e-01
6.194559076423848953e-01
6.084676961333699285e-01
5.993817412694795177e-01
5.888988066909364161e-01
5.790882099533344318e-01
5.685717497113881302e-01
5.593143002597574798e-01
5.501426580589113824e-01
5.408304927937643836e-01
5.314880499307784723e-01
5.222755198436830337e-01
5.132184667422269309e-01
5.044317204693875567e-01
4.961936370867644497e-01
4.864212938354649518e-01
4.787074638576742647e-01
4.708105556309494788e-01
4.629803998762105910e-01
4.549732209111028158e-01
4.470289309991578586e-01
4.391582751887952440e-01
4.314933080214453098e-01
4.237673429679842951e-01
4.161558536833661615e-01
4.083578472773413681e-01
4.011270337637498073e-01
3.940094417653846048e-01
3.858623852731005721e-01
3.788154656913727547e-01
3.715068429569003405e-01
3.641799273384405122e-01
3.577636230077129165e-01
3.501942804242544338e-01
3.434514767143862501e-01
3.362813462752508031e-01
3.293414994605002866e-01
3.230450475825105694e-01
3.159880368299383124e-01
3.093546272704559286e-01
3.021922735838283858e-01
2.952959780875015205e-01
2.888366168861867811e-01
2.822812272553349433e-01
2.757941912988214894e-01
2.695514008908296844e-01
2.630981650115761794e-01
2.566698379192571822e-01
2.503617965588705863e-01
2.440186864629811103e-01
2.370178099368046576e-01
2.307554199050649291e-01
2.237593267521544860e-01
2.171310621020175746e-01
2.107734827940784816e-01
2.043089162683676130e-01
1.968548361415872472e-01
1.902277733679787197e-01
1.833219987709633347e-01
1.755706977987698258e-01
1.680802185893912060e-01
1.590283551501776860e-01
1.511789909815233479e-01
1.396852277679702103e-01
1.267188334280555106e-01
1.091125694302643584e-01
8.033215689267197979e-02
1.537195346723029508e-03
