3.009460412465333690e+00
2.323023585453137585e+00
2.127284772595507967e+00
1.963267034265024247e+00
1.814103708328272502e+00
1.682031754603542373e+00
1.568218177295068294e+00
1.477079120320521133e+00
1.395189574285393030e+00
1.326469327885125393e+00
1.275966386895356131e+00
1.225216757606262474e+00
1.178863785321680346e+00
1.139641037837275661e+00
1.103867243836911705e+00
1.071545049705303621e+00
1.039561625547837931e+00
1.012815489650472633e+00
9.867244968588692045e-01
9.580863494282932935e-01
9.355694663760560914e-01
9.135943401647476092e-01
8.909420789902626758e-01
8.713675779924366926e-01
8.509681718290283969e-01
8.329745542472566378e-01
8.131848715465779254e-01
7.960094990519608338e-01
7.808564288094729244e-01
7.663339816269764126e-01
7.493131373280768059e-01
7.338701585100557701e-01
7.191103464507421217e-01
7.044853035125824281e-01
6.893309162402745383e-01
6.747100759852391327e-01
6.622429425553071347e-01
6.483851891020044889e-01
6.339449621360789822e-01
6.193752901241595943e-01
6.048491464368004333e-01
5.911336707678462865e-01
5.769214609762872703e-01
5.633699151477628009e-01
5.481434670205597159e-01
5.333625800642104453e-01
5.159150109449238686e-01
4.963394578017278902e-01
4.703643920668673095e-01
1.346159160085248219e-01
