5.553935087837560403e+00
4.145535051219573219e+00
3.830627215956382781e+00
3.561816320327512830e+00
3.314525894026808750e+00
3.075353088138272906e+00
2.811629976153034338e+00
2.626745659427404789e+00
2.463686221896991047e+00
2.314806882341946093e+00
2.192077926791648146e+00
2.076319799734432703e+00
1.986738566851686372e+00
1.905619650400789400e+00
1.827460262453059370e+00
1.753865402787057048e+00
1.688620428944275886e+00
1.628905941633839616e+00
1.577507442797384751e+00
1.515721718298062015e+00
1.470749784430042784e+00
1.423697195335762222e+00
1.376769479118921780e+00
1.335171994508337345e+00
1.291372938463178688e+00
1.254106022324811720e+00
1.216955464307539980e+00
1.180586790599504443e+00
1.148407140088189005e+00
1.117411154627580450e+00
1.085982804974844340e+00
1.058227117813125728e+00
1.031733978150985775e+00
1.004335659120761948e+00
9.776895982491201620e-01
9.530169782210493601e-01
9.283940088538419344e-01
9.063373413207422846e-01
8.821296754390801631e-01
8.624838223765393108e-01
8.411282750371104067e-01
8.208105023060096039e-01
7.994082735238812187e-01
7.798926804428641946e-01
7.613737108363564099e-01
7.425861879471007398e-01
7.265115508684089063e-01
7.079688424622951892e-01
6.912389939204811595e-01
6.743549416425176357e-01
6.580171515486371581e-01
6.421195582637990729e-01
6.269858478025379656e-01
6.115779123939235618e-01
5.965235590913465780e-01
5.822789357527246024e-01
5.682805013467673305e-01
5.540981444743606765e-01
5.415437613986935350e-01
5.272323454411030896e-01
5.147659920106291143e-01
5.020592008466675527e-01
4.885180638072392778e-01
4.774209755652723541e-01
4.651746045986939193e-01
4.541107768535636025e-01
4.416185750874865312e-01
4.306626553851805039e-01
4.193527164832370757e-01
4.087985098078518731e-01
3.977892254190089627e-01
3.871715654172859233e-01
3.764983930559415715e-01
3.670162621894394461e-01
3.569670041019382123e-01
3.467270821552810856e-01
3.369351793195776157e-01
3.263530241955305833e-01
3.164222639054055097e-01
3.072653343415441274e-01
2.981656562818633671e-01
2.890076441547900776e-01
2.800201435533094529e-01
2.706145559836729553e-01
2.610344878322774509e-01
2.514879355315577936e-01
2.425844394006720639e-01
2.336007497618099171e-01
2.258648006950122467e-01
2.163726173072340331e-01
2.072131889760447654e-01
1.989343509047806768e-01
1.887543505340835703e-01
1.792950735931182482e-01
1.686546501156832856e-01
1.576389465864270201e-01
1.467076759041783807e-01
1.317486685004842784e-01
1.079120331863706456e-01
1.177146380724435060e-02
