5.233327138440865056e+00
4.076531702791322154e+00
3.785281387099979966e+00
3.582494972937820599e+00
3.374517245441090996e+00
3.171657633053930780e+00
2.966804310693004876e+00
2.813246132557782886e+00
2.675018353195523613e+00
2.547291986183188417e+00
2.434377669501264219e+00
2.338973954265453958e+00
2.257968156611776855e+00
2.176133015979391239e+00
2.108912413305850553e+00
2.045627318186667321e+00
1.987249322965296772e+00
1.931559131282278852e+00
1.880423750428674712e+00
1.832000463101138621e+00
1.781293972206188903e+00
1.740391864182329273e+00
1.699245555886056414e+00
1.663064105339029153e+00
1.623808545761748601e+00
1.590740136023123918e+00
1.554836804179124288e+00
1.523985206415607419e+00
1.491361300926926425e+00
1.462236454203037050e+00
1.432728582414103835e+00
1.408657331644431077e+00
1.383861647524108562e+00
1.356317792107270215e+00
1.329799072564006535e+00
1.308183715738910236e+00
1.285811164814107954e+00
1.263078254978160286e+00
1.240657972442587020e+00
1.220218785532950712e+00
1.201181111094885789e+00
1.183216744937220177e+00
1.164649225254717813e+00
1.148207733543324505e+00
1.131244589062951000e+00
1.115472851099249763e+00
1.100050187865282858e+00
1.084435257904902361e+00
1.068826978713362408e+00
1.056164331670182976e+00
1.041206175798200961e+00
1.028357614068816650e+00
1.014171612023327285e+00
9.997809195487634693e-01
9.866694995691477343e-01
9.745892590497721164e-01
9.604819973257083809e-01
9.469595460439029777e-01
9.352994680363575508e-01
9.228584252290609191e-01
9.094983162337905158e-01
8.979633754324679584e-01
8.854636496560505110e-01
8.738067404465083010e-01
8.613563282013541045e-01
8.478125256325079739e-01
8.367312698054260034e-01
8.246327928990190292e-01
8.131517168735733492e-01
8.010597884084103004e-01
7.907023553976251229e-01
7.798099541849332628e-01
7.688489170617038848e-01
7.583632998051357266e-01
7.477762201637847550e-01
7.374063442143895530e-01
7.261413561445516640e-01
7.161162630964750253e-01
7.060162436544414888e-01
6.957398270239724125e-01
6.856220636622496478e-01
6.753143269889207989e-01
6.656315754469736001e-01
6.564473058062592070e-01
6.472761612887640847e-01
6.376445349939094953e-01
6.277588152109548902e-01
6.187552884151513721e-01
6.097891053329798083e-01
6.002197510716414941e-01
5.918700382563323314e-01
5.829401364581956457e-01
5.740858351919142510e-01
5.651940961840807853e-01
5.564106639736361437e-01
5.472139601752076254e-01
5.393773952865632548e-01
5.307847498826865351e-01
5.227695961759404319e-01
5.143768615972458269e-01
5.065289514612320021e-01
4.986860753892397025e-01
4.898784948308423925e-01
4.831943763220823418e-01
4.750246131049100096e-01
4.677803959192546324e-01
4.602362578736996501e-01
4.526646256841210803e-01
4.461477443901180617e-01
4.391977300072764656e-01
4.317062475659498300e-01
4.244845206421061223e-01
4.176722192612243867e-01
4.108315763757440231e-01
4.036869963433935005e-01
3.966693322884976558e-01
3.895746168514395702e-01
3.830226951700443916e-01
3.769664555806350736e-01
3.697711597930999350e-01
3.632500527750064379e-01
3.564275279414579889e-01
3.499963166243340584e-01
3.430370433867990232e-01
3.366156889807265240e-01
3.300037532118396122e-01
3.236317146742149209e-01
3.170139404889378287e-01
3.106728698778933873e-01
3.048190333833477039e-01
2.979790117842102681e-01
2.910853183799360089e-01
2.849126849136902617e-01
2.789125533124500733e-01
2.715883719335354107e-01
2.643771209113758847e-01
2.576152097782953287e-01
2.507771814702047797e-01
2.436744758918454601e-01
2.358157236406623336e-01
2.290365650678800602e-01
2.216798757806026920e-01
2.133564615029396871e-01
2.045019842184667425e-01
1.946878935879800820e-01
1.826643881179975948e-01
1.679857068026354705e-01
1.521344368040528638e-01
1.191466165054877457e-01
7.497996915290073595e-03
