3.433227170938955464e+00
2.603715617060830212e+00
2.361896051435966370e+00
2.162580726646955664e+00
1.980868775275682836e+00
1.818362594337808114e+00
1.682978606047416781e+00
1.571557773678100789e+00
1.472332499682040385e+00
1.388182881616612852e+00
1.327391022292565337e+00
1.265714969771169152e+00
1.210010139445620858e+00
1.159814966033776873e+00
1.119354663944741812e+00
1.078884603670799525e+00
1.041195079578978167e+00
1.008091561063560349e+00
9.753405888225117337e-01
9.414790886753658938e-01
9.137724387836064777e-01
8.875002907169536881e-01
8.602496279762583686e-01
8.363693738757764784e-01
8.122478507289048189e-01
7.898358438935076942e-01
7.672123833025221717e-01
7.462794804082512057e-01
7.280506872740504232e-01
7.092358142048069691e-01
6.906663474357859211e-01
6.721120956545132419e-01
6.544189397304671640e-01
6.380467399214920787e-01
6.204496067060190079e-01
6.029912928613392342e-01
5.885399426630082420e-01
5.717325190429414228e-01
5.555005932380701061e-01
5.385282438318700349e-01
5.223187596468905625e-01
5.062743705779046977e-01
4.897538881259617671e-01
4.747320120933643528e-01
4.591576432869818314e-01
4.418341479069855526e-01
4.226826450627934606e-01
4.012309681649290360e-01
3.729588856580068890e-01
1.223371872065770610e-01
