4.218796073712351991e+00
3.312388736416471247e+00
3.101390482376525704e+00
2.949013241083335846e+00
2.787905987495612248e+00
2.635096791129158067e+00
2.477861742602446071e+00
2.358975037188123292e+00
2.258341910747424741e+00
2.160240876688927614e+00
2.075476723013216063e+00
2.008415460259783902e+00
1.946758676640340635e+00
1.884754609507316214e+00
1.833010920557357482e+00
1.789359491466981034e+00
1.746723161402617741e+00
1.704790989897001730e+00
1.665707060907962722e+00
1.629266845864709712e+00
1.592591355892387206e+00
1.561427650916177523e+00
1.529842331892324880e+00
1.502076116994809585e+00
1.473901928914246762e+00
1.448884913442763933e+00
1.425966396737969211e+00
1.399207691806888088e+00
1.377696472679194040e+00
1.356000010685793011e+00
1.335383815663309104e+00
1.314060723042157930e+00
1.296524872211483048e+00
1.277519083295015623e+00
1.256861921958689177e+00
1.240358467084509808e+00
1.224721756275524154e+00
1.209373073407160604e+00
1.192743314009084843e+00
1.177569782141210997e+00
1.163285186428567597e+00
1.149719020552570248e+00
1.136678938530571337e+00
1.124220514945184934e+00
1.111383103894906466e+00
1.098017266378443768e+00
1.087747174004112249e+00
1.076893504023181070e+00
1.065681036281310501e+00
1.056012038563267419e+00
1.045909590493414365e+00
1.035475206390683578e+00
1.025213012387745870e+00
1.015152649965128440e+00
1.005919893308816038e+00
9.973201513910148197e-01
9.884061398811112564e-01
9.784091450905291198e-01
9.692536025800221333e-01
9.598841875224107811e-01
9.499329443308849319e-01
9.407547016608297508e-01
9.311002318929841870e-01
9.225023210047972322e-01
9.135215344625816636e-01
9.054349389670532933e-01
8.968045909854649445e-01
8.878620259958337479e-01
8.799345529410862454e-01
8.710842664782127986e-01
8.625820135592503490e-01
8.534837568390091223e-01
8.452508308715106500e-01
8.363847143979958876e-01
8.280130119508303244e-01
8.199062345815028019e-01
8.119308230893420575e-01
8.047071265026316533e-01
7.951039053328123885e-01
7.870962358013702254e-01
7.795596567823429579e-01
7.724559536187959319e-01
7.649156657154233541e-01
7.569568491739536720e-01
7.496641811305860825e-01
7.419330930533023505e-01
7.333169227206641771e-01
7.261940024935215066e-01
7.190118636437078381e-01
7.123073808028863585e-01
7.040677504059408287e-01
6.974972412789318676e-01
6.900816351670094884e-01
6.830286238556639855e-01
6.761711901475099262e-01
6.689512250967556417e-01
6.625526305314464182e-01
6.550969256147702868e-01
6.484576653946847458e-01
6.420397049894662755e-01
6.355503236327938454e-01
6.291326459297398310e-01
6.222472599080205446e-01
6.155115295537794129e-01
6.092152807820884197e-01
6.028363889008169219e-01
5.962366666653846625e-01
5.899415365519463661e-01
5.842463943180276065e-01
5.783114060773950627e-01
5.712438968847242116e-01
5.647747355209502551e-01
5.588505255828444263e-01
5.529579360801184507e-01
5.468303569681647325e-01
5.397139413192337809e-01
5.344453875437333856e-01
5.284036257624029620e-01
5.221145083398814890e-01
5.161894106052635767e-01
5.103217577350025458e-01
5.039211505408690561e-01
4.980430014416848405e-01
4.925194177626581737e-01
4.863990951644232563e-01
4.805667897184367487e-01
4.749443993956907750e-01
4.688272157651002803e-01
4.625453259808718354e-01
4.566909654620207593e-01
4.501268419562097778e-01
4.441678840511999460e-01
4.380426482640802921e-01
4.323996962428782176e-01
4.260203566896620941e-01
4.190015442076650554e-01
4.120391131577035293e-01
4.054728930641139928e-01
3.984409235292114548e-01
3.917533862789255306e-01
3.845170537330317995e-01
3.773028981351464473e-01
3.692790771276992512e-01
3.609309381155460517e-01
3.514996126960888145e-01
3.403566331081106511e-01
3.258331067177956952e-01
3.064977114759488419e-01
2.744379553567344310e-01
3.128066313465256449e-03
