2.830067732874673503e+00
2.265396362854965151e+00
2.148429299602267584e+00
2.035403969547540548e+00
1.940557658753775172e+00
1.841028547521224912e+00
1.737040923382023649e+00
1.666014094224799180e+00
1.595510682594899032e+00
1.536619543564393009e+00
1.489179173776776777e+00
1.448078297910066148e+00
1.413837588677540058e+00
1.379159884174543826e+00
1.348001097247896185e+00
1.320902056549178027e+00
1.293353890433814435e+00
1.269350846317425452e+00
1.248183432719218056e+00
1.226191992599852787e+00
1.206303708961538712e+00
1.189199538903723763e+00
1.170344977137282472e+00
1.151978885366415684e+00
1.137092741342202284e+00
1.122302221654123189e+00
1.107594692487133603e+00
1.095167743128562465e+00
1.082476981984104025e+00
1.069954504019605457e+00
1.058136261696073444e+00
1.047714490070781101e+00
1.036779491480796622e+00
1.025594548419038965e+00
1.016127137883410692e+00
1.005982632410752364e+00
9.965811450472579214e-01
9.872170942086121448e-01
9.785477845453454115e-01
9.696342531974938561e-01
9.614041631717619163e-01
9.532525141562018245e-01
9.451696711300242582e-01
9.375910530305042734e-01
9.290959671161737043e-01
9.218117493753018588e-01
9.136825822694735200e-01
9.068027009717550824e-01
8.995310099646866009e-01
8.924276030704985097e-01
8.848163426572193124e-01
8.781533099256740860e-01
8.712529847210117584e-01
8.649417413880197136e-01
8.580762826997664350e-01
8.520025075681144644e-01
8.450354006576668020e-01
8.393003434498714777e-01
8.327083539718664884e-01
8.268072185843949873e-01
8.206179862610337716e-01
8.150845084540562224e-01
8.087276806366924253e-01
8.025297236924182620e-01
7.965712327923745173e-01
7.908780216086819248e-01
7.848649038554769142e-01
7.790860681799604004e-01
7.732116684463461453e-01
7.677197284013130840e-01
7.617059040571985129e-01
7.566253294691185349e-01
7.514911175315187597e-01
7.455822265566408591e-01
7.400852780110034335e-01
7.341819373460564124e-01
7.286454764395162709e-01
7.231457672813869086e-01
7.177968319940895014e-01
7.120280009663819687e-01
7.069279396401025872e-01
7.016072590402889775e-01
6.959228892314459625e-01
6.903942455436160586e-01
6.848414604568836550e-01
6.787379163350515388e-01
6.729251812169458891e-01
6.670999270452445673e-01
6.610294238198658467e-01
6.548219937807364666e-01
6.483918143063637229e-01
6.423679031547487872e-01
6.359072161582203231e-01
6.281542749303727913e-01
6.201044059304153810e-01
6.117101317984574571e-01
6.004536152582182762e-01
5.878769345023144854e-01
5.691238530397068063e-01
3.012081367861227377e-02
