7.982349625240440005e+00
6.102776846019838608e+00
5.633656450384901149e+00
5.265142911109561119e+00
4.931652319738507373e+00
4.581832691660000734e+00
4.247946526400169454e+00
3.987206091923551021e+00
3.736987368540801047e+00
3.520746598790853277e+00
3.335420912267883953e+00
3.170311369338689289e+00
3.029919243755303526e+00
2.897788662444270358e+00
2.766966208598873322e+00
2.667525583318503646e+00
2.563148167578412018e+00
2.471166850246617752e+00
2.377796198865333999e+00
2.286739114630709668e+00
2.207817784837168062e+00
2.129961895533250882e+00
2.068278983043998931e+00
2.009100255322470385e+00
1.937696465513179866e+00
1.878338744611350197e+00
1.820838538257175010e+00
1.762266291484136493e+00
1.711919247618615358e+00
1.662940137130967111e+00
1.614443795344383537e+00
1.569805445083240381e+00
1.520607658862171085e+00
1.484500580233040434e+00
1.441430083096048254e+00
1.401883155822409632e+00
1.362601529267753353e+00
1.323438451215450229e+00
1.285290040705876047e+00
1.255626712319174887e+00
1.222545241932746940e+00
1.189596466770238781e+00
1.162678615555049255e+00
1.133323636234597087e+00
1.104111175009598211e+00
1.076408037836557696e+00
1.052200600777982054e+00
1.024048355477282790e+00
9.989394975794009257e-01
9.716445637249708778e-01
9.457773054860723061e-01
9.225920168651126074e-01
9.000592208237280234e-01
8.771679568138890382e-01
8.540330692920707900e-01
8.320518003984146427e-01
8.092161987208754681e-01
7.870920881464342767e-01
7.648234761601435672e-01
7.441772143110894078e-01
7.266712229944441992e-01
7.050461218046346623e-01
6.853485553836297095e-01
6.666712311986706663e-01
6.462859800734250815e-01
6.272773283279642342e-01
6.079021085840399241e-01
5.903099753634355462e-01
5.730983012055781423e-01
5.553529977727619249e-01
5.397888634443350764e-01
5.228154490258748455e-01
5.072938749505191414e-01
4.920592180712003438e-01
4.762664553775939336e-01
4.621999521876249961e-01
4.458720553927202901e-01
4.312345195716373314e-01
4.184371460691609923e-01
4.045957953136988250e-01
3.906308407015524620e-01
3.782195271197440478e-01
3.650307254479544516e-01
3.532969350964310640e-01
3.408679693635888741e-01
3.289982190465940981e-01
3.161085081471625702e-01
3.048053732576819219e-01
2.942097323897310268e-01
2.830033220368686209e-01
2.722037577978315692e-01
2.626691169047019048e-01
2.517855223010561083e-01
2.424692077676006419e-01
2.326938308232159580e-01
2.229628612719495584e-01
2.142699168354736949e-01
2.055037231477702120e-01
1.969590634357025749e-01
1.885474587023209803e-01
1.809380823642840752e-01
1.729121873527204589e-01
1.646374800120382065e-01
1.578230485065247324e-01
1.500827857004463362e-01
1.426074439609726352e-01
1.354773219431395226e-01
1.284988116793549795e-01
1.214455338065825868e-01
1.149846679935667554e-01
1.094286449338545547e-01
1.032563569369241152e-01
9.752889458760215236e-02
9.206155153056869156e-02
8.680694475368071206e-02
8.134783759844116391e-02
7.620257927399498588e-02
7.109303360299371044e-02
6.624400588140283430e-02
6.196253345853380834e-02
5.775091864494566463e-02
5.360558170664955074e-02
4.964247044008483073e-02
4.587419547734830627e-02
4.233874323661608596e-02
3.925337267593695390e-02
3.580974254721885214e-02
3.224165203291164128e-02
2.937933525064423054e-02
2.666156231523685374e-02
2.420771609792205306e-02
2.159090498690391727e-02
1.915597226248497501e-02
1.695803726891455601e-02
1.487446592767834377e-02
1.302621693076656817e-02
1.109850311238858196e-02
9.392105893145879722e-03
7.846569626464594896e-03
6.485130594161079252e-03
5.226088135839760708e-03
4.148462905294791718e-03
3.187126405704275491e-03
2.325717461072770390e-03
1.689842887398504932e-03
1.139681566630811309e-03
8.055461078980430140e-04
4.732025437447860542e-04
2.626026221123611013e-04
9.394867901839713527e-05
