5.814845831055817094e+00
4.505758907075229303e+00
4.179942549501785010e+00
3.938399081300653748e+00
3.708194908730531481e+00
3.474240925516026479e+00
3.243216028748333812e+00
3.066585938617174545e+00
2.906434270214852678e+00
2.761374101396297576e+00
2.629984197026489667e+00
2.524612111109870050e+00
2.430337140358547643e+00
2.339544081371958129e+00
2.255282563769293258e+00
2.180657490297693624e+00
2.115991625561211009e+00
2.053818416384070922e+00
1.993328536649275229e+00
1.934732799160227223e+00
1.879252352179352492e+00
1.831804025353424459e+00
1.784728080147528928e+00
1.744197221976525825e+00
1.699707822102261678e+00
1.657584730438583343e+00
1.619895445887196139e+00
1.582435239572676844e+00
1.547813223780134528e+00
1.514128555118178676e+00
1.481870641648847631e+00
1.452689936392543180e+00
1.422742429693087507e+00
1.394435702247971864e+00
1.363278453651436184e+00
1.336529414785387893e+00
1.311463609668253705e+00
1.287508828148928641e+00
1.262378272559421477e+00
1.238701739066856877e+00
1.216344167213670779e+00
1.194719308240605571e+00
1.175966658707580992e+00
1.153915263551504200e+00
1.135037581772986526e+00
1.116319168708247433e+00
1.097698292118951535e+00
1.079940024038693380e+00
1.062507037437667723e+00
1.047326954207520755e+00
1.031519943322761534e+00
1.016141138564501833e+00
9.996001747436068507e-01
9.839234454186270851e-01
9.683245027169679053e-01
9.518102851333977155e-01
9.388099168391148552e-01
9.245735265301385786e-01
9.092193806871652351e-01
8.950894083412543889e-01
8.817710129562884580e-01
8.679075445962428637e-01
8.546787103561729326e-01
8.404648025015049040e-01
8.259496162845170186e-01
8.120510669622459377e-01
7.979805269994764139e-01
7.850059249738364775e-01
7.714979324942068395e-01
7.586442661626950912e-01
7.459359683593632662e-01
7.330715627697622638e-01
7.204425521002021382e-01
7.079739993914615503e-01
6.946753208655160883e-01
6.827832738683534686e-01
6.718038046918215489e-01
6.603483757360657513e-01
6.485855186690249186e-01
6.386842934263550209e-01
6.275756705413786385e-01
6.164042842898752594e-01
6.051358079978108595e-01
5.945539780027663257e-01
5.842524192881695111e-01
5.737036692834414087e-01
5.641561516896014261e-01
5.543087086857557688e-01
5.446656198118701164e-01
5.348556336745897699e-01
5.243540965045452307e-01
5.151280274872929166e-01
5.055078544367094251e-01
4.961087557171734996e-01
4.872883482343368100e-01
4.789337656560994638e-01
4.705375416418295376e-01
4.617811032190727860e-01
4.530978311731971853e-01
4.445731368557644392e-01
4.354583089297956455e-01
4.273214569815271258e-01
4.192679576675153452e-01
4.112518907730541295e-01
4.030160912243627713e-01
3.956168462920457984e-01
3.886461488858869995e-01
3.808784321724996702e-01
3.732495186702001200e-01
3.660142448597749620e-01
3.589889137698102917e-01
3.513643064202030541e-01
3.439366103443408651e-01
3.370073158212665287e-01
3.291821342103503634e-01
3.224207220496396742e-01
3.156291560731480650e-01
3.087804935978825105e-01
3.024056260593245282e-01
2.954406793192694836e-01
2.885284688267136799e-01
2.820177486671555656e-01
2.748255095090758049e-01
2.687088262373001357e-01
2.621022830520671199e-01
2.556721853007737910e-01
2.493558014682789870e-01
2.428657354088591402e-01
2.367696732179760122e-01
2.304158446357553180e-01
2.236997804647684052e-01
2.175874377755426525e-01
2.111761086517808528e-01
2.046474046329958552e-01
1.976890174139942224e-01
1.918413081688655208e-01
1.852557599300218572e-01
1.783807730252826573e-01
1.721590300832618325e-01
1.652017202464430290e-01
1.580337782136442548e-01
1.516982590859057567e-01
1.429854853019426053e-01
1.346104392802384142e-01
1.259343468318557535e-01
1.164615994848425262e-01
1.044898005073907343e-01
8.672382041488431448e-02
6.296752216807999236e-02
4.925792957093702053e-03
