8.084315375500146672e+00
5.863252783945243074e+00
5.358662911522136696e+00
4.918993286798079012e+00
4.534089379859779889e+00
4.143979665230597575e+00
3.721268566387637922e+00
3.425518791660684403e+00
3.164147567859465049e+00
2.917760501371209347e+00
2.703781466829736413e+00
2.532711308174331322e+00
2.389232952492292839e+00
2.264247098137064818e+00
2.142915766860596261e+00
2.027922765444086117e+00
1.927279362702461141e+00
1.837424100439006391e+00
1.741082830713696739e+00
1.657283497401476735e+00
1.584739240324409382e+00
1.510468197366404031e+00
1.440790699036868627e+00
1.375688616395192909e+00
1.314428423652034938e+00
1.255755229170232967e+00
1.200745776200273784e+00
1.151193500303782979e+00
1.104319768535493518e+00
1.056303034223075255e+00
1.014452004158371778e+00
9.669554475502443180e-01
9.280118081518581308e-01
8.896562977333337674e-01
8.533621976085556948e-01
8.147205509785099276e-01
7.795784968196761699e-01
7.455996995933346083e-01
7.166199350192209439e-01
6.849080255700624731e-01
6.549332247484508374e-01
6.245786782572527729e-01
5.959081495147769969e-01
5.673718087959289669e-01
5.428915625507686471e-01
5.173258016962302142e-01
4.915535023760868039e-01
4.710117528720000890e-01
4.481572848193540182e-01
4.277960160264073219e-01
4.064324628455508459e-01
3.837393532227796333e-01
3.640441866731938814e-01
3.463511755548053239e-01
3.285711127645536966e-01
3.085484452244652842e-01
2.918184260148787845e-01
2.760710888907025873e-01
2.598862098039718682e-01
2.448803026904738112e-01
2.293499126031996460e-01
2.152573462089002743e-01
2.018008605620604801e-01
1.885277726430489853e-01
1.755431050205711330e-01
1.643080009480145931e-01
1.528251453037398622e-01
1.422309204455319276e-01
1.311418212191595711e-01
1.210247958693794895e-01
1.115739925619797096e-01
1.024972613433699359e-01
9.289305659558695638e-02
8.490918322365077764e-02
7.723065002095931553e-02
6.984567486304857353e-02
6.265007652463872034e-02
5.605071720112952266e-02
5.026629183977356086e-02
4.436715125697065359e-02
3.916046617125624324e-02
3.426152562473337021e-02
2.971138303758575835e-02
2.557284118460450770e-02
2.156188719355823027e-02
1.809261797090885165e-02
1.502504246805141767e-02
1.193228627574436339e-02
9.638991169392069347e-03
7.456838220521907513e-03
5.689074725720885857e-03
4.272115953232797324e-03
2.874812654242322671e-03
1.973876463347323026e-03
1.212185064142174383e-03
7.051738252891480213e-04
3.509573648050467337e-04
1.440788048678600351e-04
3.263650997437793675e-05
1.566781505929840571e-17
