5.318891966782287817e+00
3.989225232454949310e+00
3.689236966799535278e+00
3.434130468418175486e+00
3.197617124203185224e+00
2.972186241606779689e+00
2.727225909989849040e+00
2.549912444469181860e+00
2.396519539084897232e+00
2.253907091126318374e+00
2.135056049282599844e+00
2.024807051540963077e+00
1.943282058586551342e+00
1.860798623607259339e+00
1.790474738661192777e+00
1.718191548400887392e+00
1.657679402224881082e+00
1.601919355800382583e+00
1.551500306216017755e+00
1.498203270913933016e+00
1.451603563504881400e+00
1.406180308443677696e+00
1.364254289798621844e+00
1.325023382504002090e+00
1.283843423462992739e+00
1.248747693736841580e+00
1.212298317127791680e+00
1.178654244195149303e+00
1.147073536082295897e+00
1.118994267770131223e+00
1.087826585983858285e+00
1.060255319633117477e+00
1.037578165610900882e+00
1.010329081489208747e+00
9.843030975704956109e-01
9.634405063141520120e-01
9.380472070989385180e-01
9.151341857193645568e-01
8.941681636374174680e-01
8.736848297408608133e-01
8.537056506643098119e-01
8.352981933439774798e-01
8.157260788246135652e-01
7.962055349619819866e-01
7.790971425280792673e-01
7.616480007486426951e-01
7.439767278405413631e-01
7.269505501364110778e-01
7.113292246790783313e-01
6.940855431325787528e-01
6.783559236196026188e-01
6.642124699205744776e-01
6.489506443243380218e-01
6.341393399445907075e-01
6.212529692714409135e-01
6.062486998613781930e-01
5.938722815812176314e-01
5.783396031473337917e-01
5.671593429510531914e-01
5.539098645885498495e-01
5.416714703308169732e-01
5.297282835752923358e-01
5.173409543559583934e-01
5.048402846504086439e-01
4.924722562688214622e-01
4.811841505636114125e-01
4.697899615012735008e-01
4.585498939803347440e-01
4.474998849171684667e-01
4.368347241375555856e-01
4.265651296339280640e-01
4.163080323699668295e-01
4.057130606431552100e-01
3.957290692016842693e-01
3.863675709344224218e-01
3.766040771895130534e-01
3.656304946659336141e-01
3.558255983171734749e-01
3.462871535003587686e-01
3.359156741498955379e-01
3.272732470753165757e-01
3.184560128690969716e-01
3.084757360851056451e-01
2.996256494164941109e-01
2.913692904650183602e-01
2.820148283894386987e-01
2.730160470834485653e-01
2.649661521874954739e-01
2.557200460183072233e-01
2.464443489666601761e-01
2.371677275349717562e-01
2.288014279779619908e-01
2.187435102575778501e-01
2.082752875646298185e-01
1.989654364239527851e-01
1.873851140996888598e-01
1.745362936610074245e-01
1.590655108552191388e-01
1.350653555454776056e-01
1.710590697104159494e-02
