6.799206155707708810e+00
5.244294686165351216e+00
4.837903583540203556e+00
4.550365339858908342e+00
4.277379843953817762e+00
3.988151400823078951e+00
3.710984797561204473e+00
3.491231619324544955e+00
3.296077252498472276e+00
3.116038236290342489e+00
2.947737484904797700e+00
2.825537073811054789e+00
2.715142549779297365e+00
2.600203289131440609e+00
2.494922446661520077e+00
2.413401865134315205e+00
2.334532421389927670e+00
2.254995194108686096e+00
2.179701487990922004e+00
2.111319942729684040e+00
2.037060300722082662e+00
1.979666806919318622e+00
1.928278545994344562e+00
1.875385780652793821e+00
1.821968226588948969e+00
1.770572812479925373e+00
1.721836465908612945e+00
1.678803024423492385e+00
1.635050454505348139e+00
1.597430524466268764e+00
1.557844857420839224e+00
1.514749759428684950e+00
1.478447567325965606e+00
1.441470502445535207e+00
1.409559555164886957e+00
1.376272601130583917e+00
1.343451931516277620e+00
1.312363212687707836e+00
1.283644825907789278e+00
1.255105769017081707e+00
1.228201167592320786e+00
1.202499468358014134e+00
1.177729186648938553e+00
1.153891414351403633e+00
1.129769030299591304e+00
1.105781337190854474e+00
1.085609517967466298e+00
1.064950552629734704e+00
1.041933633428120398e+00
1.021819555034295002e+00
1.000830037312482323e+00
9.822859598450355278e-01
9.629464904722579988e-01
9.434130021763253993e-01
9.245665570118600796e-01
9.058308937387661297e-01
8.875054451666983812e-01
8.701464258147686426e-01
8.519706503009750742e-01
8.340328869711264304e-01
8.185510419339080412e-01
8.009078252270782627e-01
7.845219736296646929e-01
7.681908005292278352e-01
7.502504086440332509e-01
7.344926550626993400e-01
7.179222136689010769e-01
7.012982958210544071e-01
6.867933767075058427e-01
6.712356617557426741e-01
6.555199222179527441e-01
6.428391676148949019e-01
6.282373913061959358e-01
6.149957569098938315e-01
6.015370352973706813e-01
5.888592636233390687e-01
5.753438459955916295e-01
5.617420519922222688e-01
5.488488547478291846e-01
5.361946269575362800e-01
5.237859579433034041e-01
5.112439500488911159e-01
4.996845752197641155e-01
4.882586812878128568e-01
4.771723583082101983e-01
4.650171100849089800e-01
4.531104256897430793e-01
4.433328605123170174e-01
4.326284116604299790e-01
4.219995467182247606e-01
4.117905553725518808e-01
4.025246850926095799e-01
3.928057866471106330e-01
3.823599346955398048e-01
3.726556560064401835e-01
3.635972709529678437e-01
3.541098883772368366e-01
3.440716630648734675e-01
3.364854696762397679e-01
3.270871459910429935e-01
3.190408978480746005e-01
3.101315653591937282e-01
3.020439222185070660e-01
2.927121697342183193e-01
2.843770112928346583e-01
2.764006938956578008e-01
2.694377640482400471e-01
2.617449118867588576e-01
2.538151078369229041e-01
2.468350757198000955e-01
2.392787026394280481e-01
2.324778619278272396e-01
2.256239240827688786e-01
2.184308578999870909e-01
2.115011954722890719e-01
2.048767091403896901e-01
1.978064327799541333e-01
1.916511031551311750e-01
1.847354044063056200e-01
1.785672231865035875e-01
1.724695974518437591e-01
1.661644956977575693e-01
1.605157002410508849e-01
1.543643274901434492e-01
1.482587326453213561e-01
1.422561641364338270e-01
1.369724090584614473e-01
1.311303362049467958e-01
1.254227086432852245e-01
1.201411509924080467e-01
1.147550513680589135e-01
1.092021415427530395e-01
1.038584784084752993e-01
9.849600214949882915e-02
9.340658090695021232e-02
8.822362412200188131e-02
8.306314289444084731e-02
7.836229322479204562e-02
7.323944808689901442e-02
6.819145400349505004e-02
6.262843870913512023e-02
5.751970690747868625e-02
5.194745534361532718e-02
4.614018292419058698e-02
4.066621840624889961e-02
3.397693590011821585e-02
2.744719846396787705e-02
2.002828025495584363e-02
1.142658312624062790e-02
2.429114788581453188e-03
