5.092861558755600981e+00
3.969932002805368843e+00
3.691222093976414431e+00
3.490654948087334120e+00
3.293699507836821638e+00
3.096901295756381955e+00
2.899824892075150373e+00
2.749446090284286548e+00
2.616935123096129523e+00
2.495484955436659824e+00
2.383197599533247502e+00
2.295712852525888970e+00
2.216613746502040350e+00
2.138200348704474507e+00
2.072132697622047104e+00
2.010887212355543241e+00
1.954743396634286201e+00
1.902835537144376810e+00
1.850840581437620536e+00
1.802103693996449207e+00
1.755866586515998362e+00
1.716692193587788795e+00
1.676523431037889145e+00
1.641146180890980855e+00
1.605327815189137697e+00
1.569175841902304080e+00
1.538131525258138010e+00
1.507169265746080011e+00
1.477428080900334839e+00
1.448422799181196652e+00
1.421861688521132594e+00
1.394933509459438392e+00
1.370937641983104305e+00
1.346058443979778474e+00
1.319139584200402782e+00
1.298596314906930616e+00
1.277368391440242501e+00
1.256487848151744302e+00
1.235923072197786965e+00
1.215817359395459318e+00
1.198070974008944134e+00
1.178140455047108626e+00
1.162206482005130770e+00
1.145611277319139143e+00
1.128862427160571169e+00
1.113186427217949914e+00
1.098088160942790159e+00
1.083574546410313921e+00
1.069732875201924616e+00
1.054323333244239214e+00
1.041595872886884377e+00
1.028130813537831978e+00
1.015745956873846056e+00
1.002323500865463179e+00
9.896809095482120844e-01
9.775187403862074520e-01
9.643785595821340317e-01
9.517958215585450299e-01
9.404624617511011531e-01
9.291091980380343784e-01
9.162164728694122129e-01
9.047667905094120000e-01
8.918342029509337410e-01
8.805213571742591672e-01
8.683436607112805516e-01
8.576165072947985468e-01
8.454799317643337808e-01
8.342790952835464902e-01
8.228329432690180134e-01
8.122574478004480625e-01
8.013596207009082706e-01
7.907586852689533208e-01
7.806659451765302071e-01
7.696498165121578028e-01
7.597465844646391631e-01
7.489780918360666728e-01
7.387664794345745189e-01
7.285562218224828079e-01
7.185343011018946457e-01
7.080263702919523672e-01
6.986011445208465398e-01
6.886642399853379892e-01
6.787308836069856355e-01
6.696855200982056999e-01
6.602665980850755956e-01
6.507531752859716523e-01
6.413369358178272472e-01
6.324768336042947414e-01
6.239042461596607803e-01
6.153710557961180605e-01
6.064113161588560175e-01
5.973622526701058977e-01
5.893010521083307252e-01
5.807682690835744843e-01
5.723410266579853634e-01
5.639094936582683681e-01
5.559754099806588634e-01
5.479767364215889502e-01
5.397149652503410167e-01
5.317149907898118810e-01
5.245141161699098387e-01
5.171733733347076978e-01
5.089752131252639478e-01
5.015699439126974912e-01
4.937096155998466629e-01
4.865749550574321458e-01
4.793808079384460630e-01
4.726737726502229786e-01
4.649054293947898486e-01
4.574596356116634177e-01
4.508158344062716538e-01
4.442949015284627934e-01
4.373242009821063370e-01
4.311803570130346430e-01
4.244159307913996093e-01
4.168840389884437836e-01
4.102809844770209380e-01
4.028685837136066761e-01
3.965263456901307881e-01
3.900902196556987334e-01
3.840025328618697498e-01
3.771003916194501371e-01
3.702068900707975452e-01
3.627813251894014823e-01
3.565589515690257283e-01
3.503169757988970900e-01
3.439822106377297684e-01
3.374102353650000885e-01
3.311665487551385123e-01
3.247274332947174824e-01
3.181834414266381250e-01
3.115919733797124502e-01
3.053481202286598695e-01
2.989806382470924784e-01
2.925722642522165517e-01
2.859833897779841538e-01
2.791451836746196014e-01
2.722372315980846613e-01
2.651473007497217593e-01
2.572369129098909801e-01
2.498362599929412620e-01
2.426469710106189948e-01
2.339198470648780337e-01
2.242879408557135745e-01
2.150692904146330187e-01
2.034941346307246879e-01
1.901184573930338184e-01
1.683711559814167202e-01
1.362430445740871465e-01
5.481512058325863253e-03
