4.534455449220221368e+00
3.319932016264545371e+00
2.957626896571893482e+00
2.662225527317856333e+00
2.401735048418459417e+00
2.156451460438004286e+00
1.960050168472241783e+00
1.789576974495741490e+00
1.646048316506548925e+00
1.525873225849958548e+00
1.434836389809142743e+00
1.347117615227550136e+00
1.271021316220287689e+00
1.195774899271744740e+00
1.137700914554741205e+00
1.075301097278130502e+00
1.025689516925125222e+00
9.750420845915367396e-01
9.291993164669878347e-01
8.841307134571293469e-01
8.469883136479535723e-01
8.065363870946258285e-01
7.702639833194144803e-01
7.359637074468907691e-01
7.023386488905870584e-01
6.723876201786477269e-01
6.440717468728728301e-01
6.172275536432573206e-01
5.899918165745711152e-01
5.644914749358381778e-01
5.390752476314096819e-01
5.146939803539717362e-01
4.926301946596596815e-01
4.723489312707257470e-01
4.520719358619779138e-01
4.298687214752165975e-01
4.109029787891438357e-01
3.916469548686631885e-01
3.718474316839149307e-01
3.515579127312272179e-01
3.330705861838453852e-01
3.146415364587860086e-01
2.963938744996206243e-01
2.781944268470400994e-01
2.595219594719626599e-01
2.419041369366289052e-01
2.209182957503040834e-01
1.991620366790615160e-01
1.731990058548950051e-01
7.629965202943482516e-02
