6.116152361951925798e+00
4.567513907802347894e+00
4.219475676394821129e+00
3.906465274894695305e+00
3.624023795007109250e+00
3.340859741454877518e+00
3.064079634208488834e+00
2.856549925235130516e+00
2.634728419965451707e+00
2.467317533614953096e+00
2.330625473359709598e+00
2.209497704452896727e+00
2.106620479925491285e+00
2.007012086661277284e+00
1.917227587608760997e+00
1.836558309414389134e+00
1.759341131235247158e+00
1.696804790070277402e+00
1.631906007169991124e+00
1.563804897843598773e+00
1.509418510974292582e+00
1.452920932828903444e+00
1.401030511913659460e+00
1.349599415578413453e+00
1.300667839270891246e+00
1.257752064002478631e+00
1.214631338975241226e+00
1.179358319252642229e+00
1.142788030508454344e+00
1.107068698314451538e+00
1.076576793432675982e+00
1.043427188483218471e+00
1.012214343211742529e+00
9.838204419805951506e-01
9.550969150881141179e-01
9.255307168798009299e-01
8.998238431453789987e-01
8.723989208360886094e-01
8.463136393481527353e-01
8.214483255100469838e-01
7.980050641120616239e-01
7.751448106918403802e-01
7.563209901739856855e-01
7.327312481109076181e-01
7.129991087412281825e-01
6.930937681554546481e-01
6.726893873337067564e-01
6.527352074791815673e-01
6.346180012201155796e-01
6.163235290297025548e-01
5.982050401649161575e-01
5.806517736558057807e-01
5.644964202976985312e-01
5.489547998851543875e-01
5.325654440162220782e-01
5.164875119298355521e-01
5.012430533116924991e-01
4.868038720874677816e-01
4.737664879103957727e-01
4.591722737992141590e-01
4.461829232566946746e-01
4.316404915230329653e-01
4.176806857130971884e-01
4.061118458430246214e-01
3.944945468137142086e-01
3.828749350965747200e-01
3.709736881447544543e-01
3.586774281518914087e-01
3.469312750810371604e-01
3.367642311793901388e-01
3.259400602391271384e-01
3.142287912038761455e-01
3.037100745803301138e-01
2.938321659107414607e-01
2.829233126145933030e-01
2.729168554765906141e-01
2.630817923053200280e-01
2.535684364403550384e-01
2.444176267562666871e-01
2.345579153808564077e-01
2.248119082022650983e-01
2.168512595795611120e-01
2.074998340331385416e-01
1.991164052675886975e-01
1.895312124776498408e-01
1.809767724147570422e-01
1.726587122122294482e-01
1.641437333671205423e-01
1.560737546640758311e-01
1.470623504827438810e-01
1.392649191199199776e-01
1.314565555236580918e-01
1.234987532801077870e-01
1.147346076837376244e-01
1.056239807106741646e-01
9.678259350735850253e-02
8.698758029881815956e-02
7.602428829866139659e-02
6.076767883926939562e-02
9.164698412116345158e-03
