4.623735742441254182e+00
3.505800146747899415e+00
3.257851353371578274e+00
3.040650601022126143e+00
2.846619135396847078e+00
2.658969701619759984e+00
2.454656627928958557e+00
2.304930445652063842e+00
2.177330794960038229e+00
2.062214547123918607e+00
1.963748140212983939e+00
1.871155700764261187e+00
1.802457219153642987e+00
1.737268605942259292e+00
1.677580369315740061e+00
1.617550597872422946e+00
1.566997332779935137e+00
1.520290886008543563e+00
1.477361418350034539e+00
1.433920082738269208e+00
1.394943077696883416e+00
1.356450568492804543e+00
1.322262972701429007e+00
1.287633161043030938e+00
1.255492716730115532e+00
1.222616313538561261e+00
1.194174075076406716e+00
1.164683982395958495e+00
1.137834011670464385e+00
1.113914495492393630e+00
1.089858862921637472e+00
1.066651494177600190e+00
1.045580846922945950e+00
1.024806410547760338e+00
1.003209976668955505e+00
9.835801604030488532e-01
9.618998588193415911e-01
9.434435458267954600e-01
9.258787631826487230e-01
9.096382046749945660e-01
8.912353032214597182e-01
8.747710958858502250e-01
8.581048003025848470e-01
8.421974040208946022e-01
8.276871915287848935e-01
8.137015580711157714e-01
7.983882983871414263e-01
7.839440230854353153e-01
7.698255355224123964e-01
7.558761823951481995e-01
7.425710501122952945e-01
7.283653016445065242e-01
7.160676835945285479e-01
7.032111971021133279e-01
6.911390551274176897e-01
6.790183597563966833e-01
6.657868485033795469e-01
6.545109237634441079e-01
6.429695457991146945e-01
6.306673934374703583e-01
6.195761079683177464e-01
6.097140279263411067e-01
5.984948130416843926e-01
5.878600179304490636e-01
5.764111393431542441e-01
5.661297962533753392e-01
5.557033645342391859e-01
5.455696665504994325e-01
5.368046188349272496e-01
5.268045365247230327e-01
5.170790593321428208e-01
5.066339187322480564e-01
4.969699704233832560e-01
4.872864745182902135e-01
4.783893538196862250e-01
4.691525447282547945e-01
4.598006800598121169e-01
4.505079049222951437e-01
4.414531079651481393e-01
4.323894314727143584e-01
4.242049942656582751e-01
4.145636548426365753e-01
4.067430563665218046e-01
3.971973044220705740e-01
3.877638031624914827e-01
3.786200176044179910e-01
3.706787726643945291e-01
3.614570638186737628e-01
3.526908498168953576e-01
3.442194477051033763e-01
3.355353150619408975e-01
3.258135360500101219e-01
3.161061922339069019e-01
3.052894929975388805e-01
2.947533371575343786e-01
2.831773937120385942e-01
2.685386713864843511e-01
2.517322016291087539e-01
2.219644055416004624e-01
2.053825503147812051e-02
