6.180401728282588714e+00
4.585036513733205865e+00
4.219629027897221718e+00
3.911475948738152297e+00
3.632740430311543367e+00
3.350637830530738270e+00
3.055797556334070020e+00
2.840752400961675139e+00
2.651327243605198891e+00
2.481048606728212036e+00
2.335201444927843095e+00
2.206536656881235015e+00
2.099865865942070364e+00
2.008703654377820058e+00
1.916576533772588187e+00
1.833352880803977625e+00
1.763514888771876565e+00
1.691271747122208291e+00
1.628009568977073052e+00
1.558870691679763443e+00
1.508254068869315789e+00
1.455182943372377524e+00
1.404486672342538434e+00
1.354305127679254594e+00
1.309005543845442210e+00
1.262289256118512615e+00
1.225124427295962937e+00
1.184442125389767675e+00
1.145137682761767417e+00
1.110752476792453036e+00
1.077903285236984310e+00
1.043168062389768558e+00
1.012937184144063973e+00
9.832167681826213812e-01
9.530178391348624878e-01
9.255500855428876461e-01
8.986923243638484937e-01
8.736225280014893180e-01
8.480396487493510049e-01
8.238834630180369434e-01
8.019667918969463072e-01
7.769007312481960303e-01
7.546213893854825105e-01
7.308174766975785719e-01
7.092210352096117720e-01
6.910748795582887238e-01
6.734888738346106463e-01
6.531090223598069455e-01
6.350171451768910069e-01
6.165812693323393656e-01
5.978636984113648856e-01
5.805749717363810625e-01
5.643122020412270068e-01
5.471369324565226178e-01
5.320061631914427824e-01
5.173192423182922939e-01
5.023842163226637236e-01
4.869096325673277215e-01
4.727173031968057715e-01
4.573893361554043913e-01
4.439793016197113307e-01
4.311508682280811855e-01
4.181705538386942811e-01
4.044574801028562594e-01
3.930921091728075134e-01
3.810399888458024797e-01
3.671500870247459414e-01
3.554616711427367459e-01
3.440106333079678835e-01
3.332244525097929344e-01
3.214969774675750513e-01
3.103875543163824302e-01
2.996201353218415075e-01
2.892897414811641532e-01
2.793720674921739699e-01
2.695265749410780676e-01
2.592379166234013987e-01
2.492845052560348773e-01
2.394100018418575393e-01
2.304086536803018337e-01
2.214667864682610121e-01
2.111252512122038516e-01
2.032470636324182345e-01
1.946229495776648499e-01
1.858686956879690433e-01
1.777073074801688024e-01
1.689132209574601140e-01
1.615239205110585718e-01
1.521908417389601642e-01
1.441759877864384198e-01
1.359192364751384829e-01
1.278935242948360529e-01
1.195008384639967280e-01
1.105086809155177568e-01
1.019068609004434856e-01
9.248108672404700692e-02
8.351001834945938340e-02
7.200084643647414184e-02
5.512902930036329974e-02
9.361532164550032120e-03
