2.683975818339088715e+00
2.109831730526929849e+00
1.946771295276113811e+00
1.809459713833614591e+00
1.684493595077023897e+00
1.574818175698455613e+00
1.479056042868290843e+00
1.404086452925209505e+00
1.335253226230480372e+00
1.277619101532189161e+00
1.234390849391556522e+00
1.191649963439681104e+00
1.153024383884436066e+00
1.120107532898237057e+00
1.090541815310833718e+00
1.063631842320208687e+00
1.037418696431906762e+00
1.013996322782170223e+00
9.924002488220082796e-01
9.696793858910841557e-01
9.505876635467852553e-01
9.314723506132532860e-01
9.131163359181330152e-01
8.963008789523621012e-01
8.793461262589759020e-01
8.641987237481995043e-01
8.482489301304647622e-01
8.338044579988814764e-01
8.203691728407030981e-01
8.079963744457552277e-01
7.948251570169476699e-01
7.803650787884737206e-01
7.693213102545732873e-01
7.564366882971564898e-01
7.437513620456372987e-01
7.315293885803351159e-01
7.202756643126555502e-01
7.081333033942442956e-01
6.956062112892130722e-01
6.838007173095677071e-01
6.714631996603632746e-01
6.586240954739699394e-01
6.462600939933715871e-01
6.346514063418485785e-01
6.208250606947932626e-01
6.078697527113776644e-01
5.924929219180973261e-01
5.742792567581436192e-01
5.509948111673789173e-01
1.408473120588212835e-01
