4.959472087308848920e+00
3.593742789138099525e+00
3.178669779877223878e+00
2.851435358730340486e+00
2.553252250580988925e+00
2.280595496220509499e+00
2.059753414060289778e+00
1.863578724815567966e+00
1.701967591118352052e+00
1.567796285942316903e+00
1.467264547675920516e+00
1.367892136571267736e+00
1.287093514924541715e+00
1.199579921687069062e+00
1.134210702561720518e+00
1.069882652892195862e+00
1.010569959427421560e+00
9.542178529774298923e-01
9.062321022854173957e-01
8.564738302774024259e-01
8.141051992483926414e-01
7.706488312338660718e-01
7.304705524011194662e-01
6.963533963113981429e-01
6.612400964997928732e-01
6.265939836982716837e-01
5.951817328597466261e-01
5.629792270875175753e-01
5.351660869914933727e-01
5.090240970445465418e-01
4.833969513155790820e-01
4.593271565095420894e-01
4.362837884647368103e-01
4.124056319770020296e-01
3.894687822548095202e-01
3.690270902985648416e-01
3.469341934608236033e-01
3.261016108628201904e-01
3.057298333881559582e-01
2.862167391043340947e-01
2.660732300708661402e-01
2.481009935481567064e-01
2.313624555714830777e-01
2.149376623961237742e-01
1.974012216589201563e-01
1.797560375927794440e-01
1.611816696194516008e-01
1.411337174623223667e-01
1.187797743782747217e-01
6.093725761618238451e-02
