3.751426601099359104e+00
2.912211635338089355e+00
2.731548589509779301e+00
2.561833782855231778e+00
2.419044069275275710e+00
2.268614683788118036e+00
2.113926134415804459e+00
2.007967528574364113e+00
1.897614438791512814e+00
1.811810271126779615e+00
1.738325058625902031e+00
1.676161627134927112e+00
1.624657572186696930e+00
1.572365713886864524e+00
1.525708006373572179e+00
1.484232542788823439e+00
1.441526321830881807e+00
1.403930453921206079e+00
1.372940765168902955e+00
1.338591730071670538e+00
1.309005245153785690e+00
1.282075990762624240e+00
1.252608350608947152e+00
1.224638139578506646e+00
1.201838395769498469e+00
1.180624500615859107e+00
1.156493239175462762e+00
1.137502597734481036e+00
1.117595544999838042e+00
1.098313881412438464e+00
1.080245148954478873e+00
1.064549109899440849e+00
1.047662410044541526e+00
1.030358483073857023e+00
1.014862392148948134e+00
9.999421270934426564e-01
9.853757901040373079e-01
9.710025982874539441e-01
9.566397651229648913e-01
9.437674453974825850e-01
9.302584689683947028e-01
9.186045109844228618e-01
9.056759967070188155e-01
8.936014532132884325e-01
8.807978836185370586e-01
8.696423133825473828e-01
8.574149452516982572e-01
8.462679819868959008e-01
8.347602971509742176e-01
8.234965431325429464e-01
8.128439905448552327e-01
8.030622883765342612e-01
7.927713097606446935e-01
7.826041569107600182e-01
7.731093054736597470e-01
7.627419473893085611e-01
7.526179381595078377e-01
7.429230234469964556e-01
7.333823822404461623e-01
7.247803307886135915e-01
7.161500841213491730e-01
7.077053010855202109e-01
6.982609762618305904e-01
6.900194951544930122e-01
6.808490176925924287e-01
6.721718534842605619e-01
6.636367227837663973e-01
6.551563399272083421e-01
6.469529471880806071e-01
6.393610596825457515e-01
6.312681719022360527e-01
6.234061580858704099e-01
6.158638392199587974e-01
6.080623239971363336e-01
5.996111160684371999e-01
5.925142162889984743e-01
5.846864711488599653e-01
5.772220313753296805e-01
5.689580124255017024e-01
5.613727409702109483e-01
5.536928094335592521e-01
5.458099361535547756e-01
5.382434542247227505e-01
5.306273844884293878e-01
5.228281385432076434e-01
5.156114815926458039e-01
5.076489386315922170e-01
4.990914348803054956e-01
4.910046931984472507e-01
4.823388108917150419e-01
4.745293098574013824e-01
4.662327215457272578e-01
4.572970355305916446e-01
4.473403172178718745e-01
4.376055663039745136e-01
4.273320113958057331e-01
4.139491478622609466e-01
3.981421726818267226e-01
3.757933660633623330e-01
3.075664044931091315e-02
