6.082586999284841589e+00
4.709489289587961203e+00
4.357332567642798082e+00
4.106284955302871964e+00
3.857621619034326432e+00
3.614841697864842995e+00
3.367559149527551199e+00
3.176855762904760461e+00
3.011380217627265043e+00
2.860793444667820484e+00
2.719515323286507691e+00
2.605174657683666073e+00
2.509077669497842500e+00
2.405269001579183552e+00
2.322324885432954122e+00
2.250111857783482883e+00
2.179090131434017419e+00
2.110988391968939837e+00
2.042517708381315522e+00
1.983028442463476537e+00
1.923583469776053434e+00
1.875171624108103785e+00
1.825127089758974641e+00
1.778778407872533940e+00
1.734085083750169343e+00
1.694604576409812768e+00
1.649333688077225579e+00
1.610585108922329090e+00
1.570826278981386492e+00
1.537161929230918878e+00
1.505239124315431276e+00
1.471048056107527202e+00
1.438927710008441441e+00
1.410314719446992937e+00
1.378099033681146945e+00
1.347163636671216302e+00
1.318647116823319809e+00
1.291509604499808894e+00
1.266755395080569224e+00
1.243034214977599694e+00
1.220432939982019960e+00
1.196975215617169575e+00
1.175392469735090151e+00
1.155078302723486328e+00
1.134982718208692010e+00
1.115344931122575600e+00
1.095333020463302054e+00
1.077578833294039251e+00
1.060707932267631382e+00
1.043767459017945542e+00
1.024879717098609477e+00
1.007994561569776515e+00
9.904025372377820435e-01
9.762956831130057411e-01
9.583818150348000220e-01
9.422976827494212726e-01
9.277369716191504745e-01
9.117930697314596822e-01
8.943613192751544982e-01
8.804724089527270481e-01
8.647714448069082627e-01
8.502779745541566569e-01
8.345223270946019456e-01
8.196117961564703958e-01
8.054157839417095399e-01
7.916911826204743319e-01
7.779265362700698017e-01
7.638217477874192918e-01
7.490960501650471004e-01
7.363189080157698241e-01
7.229569964194874077e-01
7.098881453202605663e-01
6.973619770489375425e-01
6.848612409786403177e-01
6.714598416029272654e-01
6.604820350760044478e-01
6.478385130705294204e-01
6.359870128776374809e-01
6.234243223849559312e-01
6.118936829759444862e-01
6.006829236941091388e-01
5.894353213708346528e-01
5.788648207954538716e-01
5.675893223870501769e-01
5.575596402034997956e-01
5.468019952773228720e-01
5.364903074426132790e-01
5.256375922594280770e-01
5.152623236717125410e-01
5.055797036240856634e-01
4.954464747992179952e-01
4.856995740004124706e-01
4.764544365309780205e-01
4.671790728456545749e-01
4.577330060681455981e-01
4.478048569745225471e-01
4.384954548951314202e-01
4.306694860898692134e-01
4.210622705845781799e-01
4.121167105584471191e-01
4.040390690323472644e-01
3.952632151923607950e-01
3.873504867035741372e-01
3.789863131270314045e-01
3.707985606267455991e-01
3.627281019400481199e-01
3.546227901001012817e-01
3.468739419509613287e-01
3.395219195071748630e-01
3.320139489344641759e-01
3.250472575965641098e-01
3.184251964925237655e-01
3.104160504613646676e-01
3.033331635624846867e-01
2.955726367381241726e-01
2.888175866254042989e-01
2.821366321439096048e-01
2.746623131975179932e-01
2.686183513590807426e-01
2.623216739784031137e-01
2.552452405657543721e-01
2.492653970423567844e-01
2.423796630239882788e-01
2.357995916173857565e-01
2.294711217786119251e-01
2.232961043683716895e-01
2.166708092574483324e-01
2.106369491731349408e-01
2.040598667144758460e-01
1.978987600487125409e-01
1.918148932232529857e-01
1.856878266631643015e-01
1.801964045293553973e-01
1.734476053798893191e-01
1.666940264622856493e-01
1.607347511201482892e-01
1.545737266187292569e-01
1.481677246708713869e-01
1.420035207633056629e-01
1.356012970005231189e-01
1.295915552272779436e-01
1.229693888462349144e-01
1.153241937603442929e-01
1.075412844048906497e-01
9.878282501516473524e-02
8.958659486271795813e-02
7.627585141568576921e-02
6.259518408388112243e-02
4.062444138898170520e-02
3.292148192015651592e-03
