3.525811148439677911e+00
2.802335429550319112e+00
2.636863507578388610e+00
2.519489793557203150e+00
2.390731810736705043e+00
2.269398003518610984e+00
2.146795308593276719e+00
2.052589068052678378e+00
1.975582871909475458e+00
1.898981869223619556e+00
1.833048105469104128e+00
1.780633230569682146e+00
1.731962819152628841e+00
1.684688755875082711e+00
1.644143015364368132e+00
1.610142696515405536e+00
1.577357881520505600e+00
1.545288776589379243e+00
1.515378230197914622e+00
1.486864463853710738e+00
1.459712368732953625e+00
1.434783265901814930e+00
1.411052849384871521e+00
1.389477314344552239e+00
1.367740729416380807e+00
1.348431785204435851e+00
1.329815154805893629e+00
1.309425997679589670e+00
1.294750607758604177e+00
1.277764921468928394e+00
1.262060226915428629e+00
1.245733142986177100e+00
1.232756120349552953e+00
1.218132310227963533e+00
1.202063571938090769e+00
1.189144824692755176e+00
1.175569324341523059e+00
1.164538646483033846e+00
1.152220959841176340e+00
1.141238585683723494e+00
1.129866878896566895e+00
1.119493604973710976e+00
1.109375477245918562e+00
1.099561603448012681e+00
1.089831519967082940e+00
1.080350476642060409e+00
1.072248223517630050e+00
1.063843069246208195e+00
1.056381103483086781e+00
1.047894380568158645e+00
1.040535400415003808e+00
1.032468493150924704e+00
1.024758193257823358e+00
1.017828388878882162e+00
1.010521652596897635e+00
1.003423127693667150e+00
9.966724451322241940e-01
9.892075279539181976e-01
9.830188066683431813e-01
9.762155250776420878e-01
9.687876653170067742e-01
9.618723423447542720e-01
9.549094746809980716e-01
9.481319011022069088e-01
9.420769690622795567e-01
9.356642905531726839e-01
9.287148554337006923e-01
9.216678012378933804e-01
9.156499932374657647e-01
9.088927330811671368e-01
9.027635361773532763e-01
8.961556319819580230e-01
8.891105998809268884e-01
8.827718909864259444e-01
8.763068362224699648e-01
8.697085613605175514e-01
8.636691881256713943e-01
8.575253641039840558e-01
8.506169714766711465e-01
8.447617336368007379e-01
8.381993491934849327e-01
8.324233802702690754e-01
8.264590667031052051e-01
8.205766151746258785e-01
8.145732209739672269e-01
8.084066725169897216e-01
8.022182922171043895e-01
7.966068706445232905e-01
7.908879757036915148e-01
7.845885276636938022e-01
7.786535686125953815e-01
7.731363803053319383e-01
7.672673869963214655e-01
7.616062511497208032e-01
7.557320967328796657e-01
7.505072630831436387e-01
7.446411936850567681e-01
7.391396005460514340e-01
7.336861739101216973e-01
7.281520954236592180e-01
7.223129920641432333e-01
7.171995307545094844e-01
7.119347405659348649e-01
7.059595147575946639e-01
7.005959904884858647e-01
6.955886161678942470e-01
6.902798957050276796e-01
6.849486316262118901e-01
6.802190267417433933e-01
6.746223215356407232e-01
6.692529068907379086e-01
6.643245475752963536e-01
6.592057229324975731e-01
6.543234364302246142e-01
6.490490476526979968e-01
6.441215046739130479e-01
6.388644815706231439e-01
6.342090019179122962e-01
6.283514846971975931e-01
6.232163526635218220e-01
6.179654141505857012e-01
6.130258535273036546e-01
6.077168312203984346e-01
6.025031364604539474e-01
5.974221986914881599e-01
5.922221187298124523e-01
5.876076822617349871e-01
5.823119237191543007e-01
5.765649953231103408e-01
5.715812391814839577e-01
5.659784518148391896e-01
5.603890187997706551e-01
5.551961256874746731e-01
5.502319052536307487e-01
5.446489933683456020e-01
5.393952630052961661e-01
5.338424534021841694e-01
5.269397564497204645e-01
5.212452066654037486e-01
5.146036646327191155e-01
5.078535611336407740e-01
5.007861838594698245e-01
4.935461098989908368e-01
4.863017407645831569e-01
4.777810860993857989e-01
4.688393283357015218e-01
4.571266716908273242e-01
4.387151004111416452e-01
4.052290133012352857e-01
8.633509999593908663e-03
