5.495116861427097987e+00
4.268573332375803275e+00
3.965118944561014658e+00
3.741220926375801614e+00
3.522910629655380710e+00
3.307473101188062259e+00
3.090982746491397926e+00
2.929190053981296948e+00
2.777105502321914887e+00
2.646859442871524859e+00
2.525068329793236810e+00
2.425320578160938823e+00
2.339812438119930338e+00
2.250449008412144458e+00
2.176916045387590426e+00
2.111371838640621057e+00
2.046729025261396551e+00
1.991264320364441787e+00
1.930652164532132842e+00
1.880159371644145372e+00
1.827791356141547752e+00
1.782658945381778937e+00
1.739711354841064317e+00
1.701793114157322817e+00
1.661393304796192183e+00
1.622866093785223951e+00
1.586354445037308381e+00
1.553148700969507523e+00
1.519416868292547074e+00
1.486622511762096144e+00
1.457316283869342977e+00
1.428875841135361258e+00
1.402041847176099365e+00
1.374815100119163747e+00
1.347660202174547184e+00
1.321921667776395859e+00
1.297712862976555304e+00
1.273865672788831560e+00
1.251998975301700012e+00
1.229653370712934457e+00
1.210535999000916574e+00
1.190367078400440537e+00
1.171190707678218201e+00
1.152119644625366757e+00
1.133157602775435535e+00
1.118704930348170423e+00
1.099992806044085780e+00
1.084256877354807580e+00
1.067599169959612349e+00
1.053734055397474334e+00
1.038266642398580242e+00
1.021679117467623632e+00
1.007678744305217977e+00
9.921968951974645679e-01
9.772572551148264175e-01
9.635811455049713148e-01
9.495064678670721570e-01
9.362925097149938924e-01
9.228461570736352648e-01
9.106247297300343879e-01
8.978665661406034504e-01
8.828756955326142464e-01
8.706994924379795053e-01
8.570718642725310144e-01
8.443902454966351057e-01
8.330264036748917800e-01
8.199827788235074522e-01
8.081084788667277641e-01
7.948012157675744538e-01
7.824995688494434942e-01
7.708178859676638739e-01
7.597804787793448478e-01
7.474121802456002994e-01
7.347375383395129411e-01
7.245096703960445250e-01
7.132373051731513147e-01
7.018432440777979675e-01
6.905754761017064425e-01
6.802406456498516496e-01
6.689360883622452736e-01
6.587635271395100300e-01
6.494387912201503577e-01
6.393253565126234550e-01
6.291504510751675383e-01
6.197875052992956046e-01
6.101474349386701856e-01
6.004198969165417399e-01
5.901978866312356242e-01
5.806464015872763174e-01
5.703117780803199643e-01
5.612157510539540484e-01
5.524012910227849016e-01
5.424450579053368138e-01
5.340689919955654563e-01
5.249653327693820648e-01
5.160553311314632907e-01
5.077264442954395607e-01
4.989148740891941602e-01
4.911323631680301616e-01
4.835047652695853015e-01
4.761289363860516932e-01
4.677976933337282817e-01
4.596080262103701686e-01
4.517002445268106237e-01
4.436350496774934538e-01
4.360337345230412831e-01
4.281165048027568143e-01
4.198348858307485720e-01
4.132285087409507951e-01
4.051940392773354938e-01
3.975858986359491198e-01
3.904821629718614462e-01
3.833033735485116833e-01
3.763564872709416198e-01
3.696173667311361544e-01
3.630215632346052157e-01
3.559257433860483211e-01
3.483505725383319040e-01
3.420515593272236976e-01
3.348732109541100455e-01
3.285684498256335462e-01
3.218586660252826248e-01
3.152613355833205899e-01
3.086346899451106185e-01
3.021187557245326727e-01
2.951981952498158868e-01
2.886807987051954183e-01
2.826358725871240263e-01
2.753728868781626926e-01
2.687182129133576791e-01
2.624089029381094784e-01
2.555259705356917044e-01
2.489649195861718955e-01
2.431927919709208075e-01
2.360689847820513498e-01
2.296675173282727023e-01
2.229656879555258209e-01
2.158834274178844381e-01
2.083886429403778995e-01
2.013987389717631915e-01
1.946218797478611595e-01
1.869575800792884768e-01
1.799772094220223606e-01
1.709186640156190040e-01
1.610236967050369117e-01
1.490790562135779762e-01
1.341810950744388720e-01
1.167960577964151508e-01
9.075009483672165367e-02
5.801884559414348386e-03
