5.652538875000062468e+00
4.004840958468754764e+00
3.529585625544677363e+00
3.131566389735797706e+00
2.784650630186402687e+00
2.462038241807160244e+00
2.196585154260163986e+00
1.978329643087608058e+00
1.785550771341607446e+00
1.620418910423888637e+00
1.503616888793412265e+00
1.388436935524813620e+00
1.291710802852819251e+00
1.199292027656547521e+00
1.120855544948603955e+00
1.049021412920778440e+00
9.810817317759615852e-01
9.183783987859750475e-01
8.610196706260525579e-01
8.096145002644016264e-01
7.606691785944444950e-01
7.109284034442455713e-01
6.673160389845999019e-01
6.265447694326282679e-01
5.887096386067873777e-01
5.503220843872518309e-01
5.165135397877838042e-01
4.842566564764179127e-01
4.541395471106725590e-01
4.249340164652090079e-01
3.958080960102043355e-01
3.716607546352900249e-01
3.457644881285296123e-01
3.228686832367329007e-01
2.989886622184478870e-01
2.734881482066053859e-01
2.520474382640739419e-01
2.326862220233743006e-01
2.132532111434490285e-01
1.943428459526404251e-01
1.761595464894542828e-01
1.570540730614266300e-01
1.419081810998780446e-01
1.275349712833517002e-01
1.113375961581992424e-01
9.564580695552564460e-02
8.227822977016183148e-02
6.846662892429498937e-02
5.175686493527801441e-02
3.348256420754935209e-02
