5.216569272487970643e+00
3.923233437587787087e+00
3.625648242666319465e+00
3.378593122259871517e+00
3.146760542829900587e+00
2.923201807400027885e+00
2.684113773573400419e+00
2.513705631205708002e+00
2.361720272397400677e+00
2.222243191364348114e+00
2.116007223390946379e+00
2.003039744479929496e+00
1.925674064245455064e+00
1.846489698234619503e+00
1.775408294023251399e+00
1.705698742229162956e+00
1.646043027278046855e+00
1.590810018884134758e+00
1.544221555810404656e+00
1.488441378377266977e+00
1.446396163905897758e+00
1.399218014464823856e+00
1.359065022248952870e+00
1.319211962930649129e+00
1.281983757830298831e+00
1.243189795538099496e+00
1.209130944167398969e+00
1.177852421528987836e+00
1.144226776274886337e+00
1.116446382435268836e+00
1.089624767547964224e+00
1.062604624732426783e+00
1.038387123517308330e+00
1.013988535209620290e+00
9.888453045407809006e-01
9.661545832396011280e-01
9.412735180785536393e-01
9.209197122645904621e-01
8.994907044407237651e-01
8.805219072241570188e-01
8.610863967990751711e-01
8.427738031887662684e-01
8.215771354556626882e-01
8.027436088721340290e-01
7.868543744491303116e-01
7.690017968754770950e-01
7.524935874743736708e-01
7.358538146995418083e-01
7.185663897543540513e-01
7.032340028296920620e-01
6.873858751681016788e-01
6.735994274132007797e-01
6.585781137118695838e-01
6.445480717894482847e-01
6.317619624077814855e-01
6.176422509669744487e-01
6.041865271151451999e-01
5.902862707223561767e-01
5.780075507410420421e-01
5.644827570235313452e-01
5.522583770810836068e-01
5.392096845551280770e-01
5.261721774963524778e-01
5.149199963980177763e-01
5.029402408028481597e-01
4.931205240116047217e-01
4.817578480359717696e-01
4.705934463511822208e-01
4.595778888038820065e-01
4.485635817463555775e-01
4.388942885587257536e-01
4.276515108344252081e-01
4.181746996799261540e-01
4.081346562377954901e-01
3.984008243599244103e-01
3.893906290233324352e-01
3.791658837320198705e-01
3.694753226144051328e-01
3.603618617977018546e-01
3.502068167655796316e-01
3.411640939383161486e-01
3.320165241783331611e-01
3.230770115932785624e-01
3.136760866507883883e-01
3.049508276963109332e-01
2.960673621751450102e-01
2.872410016686420264e-01
2.782846180095590038e-01
2.688999078734171655e-01
2.603742013630288565e-01
2.509413307288577144e-01
2.420943222800461259e-01
2.325069960611346187e-01
2.224429346832707266e-01
2.119552649202271211e-01
2.002472797021763173e-01
1.886636925053097602e-01
1.715643344815469817e-01
1.460622217412324009e-01
1.798094855850711563e-02
