3.730929633814883850e+00
2.798026368146693699e+00
2.525248124984156739e+00
2.299949220350228085e+00
2.096657255439177359e+00
1.913438746058193418e+00
1.761893404521266859e+00
1.634899557296363826e+00
1.523524319655911397e+00
1.429040349222875150e+00
1.360489957315401233e+00
1.291772905473716593e+00
1.229390547498493413e+00
1.172958149666502470e+00
1.126306001864894490e+00
1.081310721900712091e+00
1.039528539005881491e+00
1.002763801787806441e+00
9.653044923701240565e-01
9.268631312953945489e-01
8.972038879839963066e-01
8.672747624963729196e-01
8.360579204060443193e-01
8.107411417403298515e-01
7.834110254799396822e-01
7.592416211411258109e-01
7.349478221352795382e-01
7.121634329550216025e-01
6.908089694238763734e-01
6.689981785376475365e-01
6.485909587335122461e-01
6.288687567610516949e-01
6.102780636696906180e-01
5.925619211585302359e-01
5.720407973818787406e-01
5.538160629937420865e-01
5.380241705487462944e-01
5.196189121945288258e-01
5.037512546868687657e-01
4.839170093916318471e-01
4.670246391520822549e-01
4.505481877650536204e-01
4.345157831191184261e-01
4.173081311325768650e-01
4.000491003549052627e-01
3.816981821258207952e-01
3.625914625632403188e-01
3.406231099805939744e-01
3.129142809029699102e-01
1.101152254151448184e-01
