8.002960425569677128e+00
5.829428174233390436e+00
5.354062501076031211e+00
4.928025023576651620e+00
4.523433212700409101e+00
4.118588863604687234e+00
3.742299714905194641e+00
3.438893516278670237e+00
3.150432620137069595e+00
2.894991425239040073e+00
2.706424938706132544e+00
2.550426205542891456e+00
2.402917080246426806e+00
2.259235062729896715e+00
2.139830940183908403e+00
2.029343996510533987e+00
1.930246334102740713e+00
1.832928078075119593e+00
1.736147368219922660e+00
1.655646963232832114e+00
1.578742035867735538e+00
1.506125322382138476e+00
1.437767875766167158e+00
1.372713927414786594e+00
1.314658808111858646e+00
1.254393362124912592e+00
1.196520190257664984e+00
1.148775019325340541e+00
1.098674754891336702e+00
1.053315173930383875e+00
1.012124408073250548e+00
9.713151903637077256e-01
9.311120088244650983e-01
8.899250305879423673e-01
8.532755819945218034e-01
8.167453592529970718e-01
7.824377796273535024e-01
7.489908857432652223e-01
7.178385704385698007e-01
6.881909890442183819e-01
6.580209888324023426e-01
6.284734090830044195e-01
6.010685348616945367e-01
5.757467462419498805e-01
5.496822664030343031e-01
5.235994710162372723e-01
4.988548709250262281e-01
4.757038367039860827e-01
4.534745263390437264e-01
4.310819837216212091e-01
4.085272647480525654e-01
3.897129863015784124e-01
3.680865351517285111e-01
3.474716331226473387e-01
3.289406133013429989e-01
3.123842156897202460e-01
2.947145708012847143e-01
2.786770785378532844e-01
2.630456938823449442e-01
2.479767634417436861e-01
2.335548105609438485e-01
2.199531414113681249e-01
2.057540371460841733e-01
1.912207631581941403e-01
1.776005103289788889e-01
1.663661256884485795e-01
1.554889865298171858e-01
1.437983305875124296e-01
1.337322532177029621e-01
1.231632643878221023e-01
1.138613121074419227e-01
1.041460642955807925e-01
9.540208377423803343e-02
8.687627051942223289e-02
7.886772361018197508e-02
7.168612463912266142e-02
6.506910908482199662e-02
5.850403899548822784e-02
5.270780921579160810e-02
4.643430846320970723e-02
4.060751739043833020e-02
3.520855595263608362e-02
3.079152938137517947e-02
2.640232416884701061e-02
2.255315539660247837e-02
1.905320583834902923e-02
1.563119606780606283e-02
1.297822560608353354e-02
1.053273395510228097e-02
8.181692634652973362e-03
6.093671229660302217e-03
4.544869073752165825e-03
3.205935997261690363e-03
2.135375292195212590e-03
1.372914806303834933e-03
7.885501306449031571e-04
3.965419939001275473e-04
1.526178925176609256e-04
3.361146954805394927e-05
1.606091757447662295e-16
