4.548374100192858371e+00
3.561216480432077613e+00
3.322463424000557719e+00
3.154452380669387157e+00
2.978195148810359072e+00
2.810145167132298560e+00
2.637110096429836403e+00
2.505749891516693584e+00
2.395884690673319550e+00
2.289523519996931267e+00
2.193370668283627811e+00
2.119840365751325173e+00
2.049605249595437773e+00
1.979815197550144790e+00
1.923873914948954100e+00
1.875514177785448489e+00
1.826126638645377165e+00
1.780199126995931858e+00
1.737362599546893316e+00
1.696865473591612439e+00
1.657656723424606238e+00
1.620869537221622414e+00
1.585814547095234284e+00
1.554980553006721777e+00
1.524241735160585254e+00
1.496354491618224092e+00
1.469321701303961669e+00
1.441991399313390376e+00
1.416915661957580896e+00
1.392825048450370584e+00
1.369789787168187667e+00
1.346806308646135264e+00
1.326715064129391219e+00
1.305067393306098111e+00
1.282866325601522028e+00
1.263483231942835294e+00
1.244751468915452852e+00
1.228583801770877892e+00
1.211081733988782938e+00
1.192875629363019163e+00
1.177387947422343428e+00
1.163202437844757187e+00
1.147519867079667133e+00
1.133488201416610552e+00
1.118893558316323089e+00
1.105880055319993893e+00
1.094433955787156298e+00
1.081319312139389588e+00
1.069077961005031163e+00
1.057957678163856219e+00
1.046470240795598139e+00
1.034728492800888411e+00
1.023598212564635235e+00
1.011728472886210595e+00
1.001482105938057643e+00
9.924320813235846250e-01
9.811175094862421009e-01
9.704754189141664433e-01
9.600252047006785361e-01
9.503454420469711339e-01
9.403872782881247394e-01
9.291500908733373310e-01
9.183903657726877334e-01
9.077006829249636422e-01
8.977361027478565347e-01
8.886768047862793063e-01
8.792892969722069241e-01
8.701357029344657379e-01
8.599504774006202501e-01
8.506708309987043304e-01
8.419089343433030503e-01
8.316498059451572500e-01
8.214090095472776909e-01
8.120051404772467007e-01
8.031400518948450529e-01
7.943037511500441461e-01
7.852336791486773659e-01
7.764410430369589333e-01
7.680045652381989330e-01
7.589511781205299235e-01
7.502277484436722377e-01
7.417764853708069817e-01
7.332796362134628154e-01
7.256390405437059821e-01
7.162183191725649545e-01
7.085394631806106736e-01
7.000470591848296786e-01
6.913916293279595005e-01
6.835413444542632888e-01
6.758207445809318870e-01
6.679720325165436901e-01
6.601107999660178471e-01
6.523982699026668053e-01
6.448200662993651688e-01
6.368206835766061502e-01
6.290644202953252773e-01
6.215059173255720326e-01
6.142281535317483110e-01
6.067862203557046197e-01
6.001177522486623728e-01
5.922973118347537591e-01
5.856838190292988910e-01
5.784017571849202621e-01
5.718639634703692742e-01
5.645015807942779240e-01
5.576907093752113687e-01
5.506293876175046842e-01
5.442102296829911534e-01
5.371230347976577724e-01
5.308234780436843492e-01
5.237235821220830312e-01
5.176631725587799160e-01
5.116797975457888503e-01
5.048713823254606936e-01
4.984104737556236953e-01
4.915883572416075986e-01
4.856145724923340845e-01
4.794473115821566989e-01
4.732242328757795269e-01
4.663932112237691996e-01
4.601900566046657759e-01
4.535911691354739816e-01
4.482484424898016129e-01
4.412859686338918563e-01
4.350379292410326837e-01
4.290660870429962026e-01
4.228732795000035294e-01
4.167443675749757381e-01
4.105739469314837464e-01
4.044091919885024478e-01
3.977453415566041817e-01
3.909168960601914211e-01
3.848304556191068371e-01
3.783770266959816109e-01
3.717266797852704641e-01
3.649520410250995384e-01
3.581490637683871214e-01
3.516098232735246354e-01
3.450238277297100198e-01
3.374659105428109984e-01
3.305669657307040987e-01
3.232191537577125962e-01
3.141582089483817564e-01
3.048650368942460998e-01
2.943690002639186565e-01
2.834592391917836740e-01
2.673049153761945518e-01
2.485475619029823002e-01
2.168810611183326076e-01
1.228479508381896505e-02
