4.079330559930691713e+00
3.210975425653684212e+00
3.006404593801676572e+00
2.862200434552217843e+00
2.706733664963175023e+00
2.560730758080941971e+00
2.412404880785141703e+00
2.297305843452990715e+00
2.202062719039505012e+00
2.107260380353014551e+00
2.026323841807200488e+00
1.962459601016742772e+00
1.903661049622033863e+00
1.845835746824424417e+00
1.794380995825644698e+00
1.755132818703492914e+00
1.712879238570442997e+00
1.673384661532149931e+00
1.636873176318269119e+00
1.601620907256229964e+00
1.566951452080060925e+00
1.536893137847482604e+00
1.507876822919945736e+00
1.480312442492341285e+00
1.453690697509814722e+00
1.429734081643347032e+00
1.407122051867346402e+00
1.383088011183966737e+00
1.362407422397145851e+00
1.341273071677203221e+00
1.321183665779512406e+00
1.301667188962321475e+00
1.285692993235164172e+00
1.267225342805526678e+00
1.246903244159885960e+00
1.230552838944847238e+00
1.214185203332088570e+00
1.200739642682630226e+00
1.184165589728521706e+00
1.170146247867288603e+00
1.155810368134750465e+00
1.142400623455057440e+00
1.130673255397715016e+00
1.119930447314185562e+00
1.106918253958932841e+00
1.095111512512716212e+00
1.085039767952839407e+00
1.074174700243088143e+00
1.064618158477904641e+00
1.054503760666780421e+00
1.045106225074379447e+00
1.035266823949018367e+00
1.025853065984939416e+00
1.016978140875917314e+00
1.007028961890093832e+00
9.990766357473289672e-01
9.903224542441932954e-01
9.815053336290442410e-01
9.726137848021827459e-01
9.636637924013730094e-01
9.547836699057314913e-01
9.463894165320333451e-01
9.372936823798587724e-01
9.277894336479103332e-01
9.199605017647588534e-01
9.117506063963909391e-01
9.036561057233853944e-01
8.949492972071108055e-01
8.870588310596972947e-01
8.787789790688872449e-01
8.703159370934993033e-01
8.620063084857195745e-01
8.546024734359876085e-01
8.467058016111324026e-01
8.387796601297017318e-01
8.309608442432394604e-01
8.230546906627445036e-01
8.151513340560950782e-01
8.072610296174985711e-01
7.995289870698627510e-01
7.916809729110901861e-01
7.843524231258149904e-01
7.775044758316211890e-01
7.705080992523839489e-01
7.628039703189480880e-01
7.552219391769128265e-01
7.475516619680540042e-01
7.411743398626371437e-01
7.342521080433135339e-01
7.276923077762477154e-01
7.207127357505972443e-01
7.136629306113408955e-01
7.065517966731189592e-01
6.994593850464962959e-01
6.920602525924235415e-01
6.853560930882380831e-01
6.792035757251698724e-01
6.727612195515706439e-01
6.661875014202968126e-01
6.593840495502394372e-01
6.531039990449312160e-01
6.465106274244039053e-01
6.395306525344637283e-01
6.333925912148505866e-01
6.265322855953532333e-01
6.205331782813641173e-01
6.144862619564337436e-01
6.086651873388266853e-01
6.027347142595292917e-01
5.968495051923311534e-01
5.907346746013026895e-01
5.843216064454521685e-01
5.784057660688151081e-01
5.719878926653854112e-01
5.664502157266578797e-01
5.610528277871689173e-01
5.551290400576912587e-01
5.485569570768490388e-01
5.425832280602395086e-01
5.368223706329424694e-01
5.311529487222617085e-01
5.256065514448511333e-01
5.195127885181680671e-01
5.135868767846407668e-01
5.075802850948882838e-01
5.019756548294180831e-01
4.962306080871549119e-01
4.905158722289202355e-01
4.842371290668018857e-01
4.778985475644453862e-01
4.722568964146670045e-01
4.664129561227593479e-01
4.600828368612113195e-01
4.543128607655380069e-01
4.481530781371981242e-01
4.419175062936228082e-01
4.357207476467560570e-01
4.285220031244110772e-01
4.220197114686894402e-01
4.152805589424768407e-01
4.084690781562537731e-01
4.008608910368149369e-01
3.924200462631012853e-01
3.845342677794997832e-01
3.757310146880667445e-01
3.650189627051265706e-01
3.505946171732652883e-01
3.302226160564925572e-01
2.940444604136718820e-01
1.151610335752242288e-02
