7.619648501518481609e+00
5.846496711668703661e+00
5.387442107625258103e+00
5.055339466740133680e+00
4.734313321693814913e+00
4.406537350453296753e+00
4.095248627909671590e+00
3.836335982530451272e+00
3.614130661257270116e+00
3.402095049538170990e+00
3.220177747180483330e+00
3.058612856991968609e+00
2.931268047108790853e+00
2.805681128308647132e+00
2.687346038477020915e+00
2.593050095956184187e+00
2.493506536838767218e+00
2.405186456346394941e+00
2.315755406648525305e+00
2.233893020435408605e+00
2.156733274069725592e+00
2.089448196729845719e+00
2.023890719820046868e+00
1.966471352636462777e+00
1.902107653866067727e+00
1.843939850604358499e+00
1.786766666555771987e+00
1.739813407062768436e+00
1.692817011051002130e+00
1.648310808470107469e+00
1.601402137517460522e+00
1.556760293684857244e+00
1.515855602802710145e+00
1.472410995937674993e+00
1.435378938442014141e+00
1.398428020656392157e+00
1.363285630577254270e+00
1.325255603559386985e+00
1.293070971027067584e+00
1.260131974785008602e+00
1.229169295448295340e+00
1.199152322559588146e+00
1.170711280255792186e+00
1.142264384098130581e+00
1.117461926686098783e+00
1.092088210437425211e+00
1.065041205627114573e+00
1.038469664363305567e+00
1.014121755946530756e+00
9.901454230053674532e-01
9.670816236801991206e-01
9.428152218489964653e-01
9.213238764352520427e-01
8.983782076784591064e-01
8.780899432907599556e-01
8.567701345711283833e-01
8.352715047152886596e-01
8.141139127995310476e-01
7.947435129123505693e-01
7.742414323298730805e-01
7.539241397303745318e-01
7.358772969311850876e-01
7.159973648325683726e-01
6.977717773586432637e-01
6.790343081858384311e-01
6.595615108661063708e-01
6.420280336154732259e-01
6.250666300047431623e-01
6.095017219794125474e-01
5.936099568345507560e-01
5.769091681053903908e-01
5.609044805557009683e-01
5.449217561981872793e-01
5.297610054855019790e-01
5.164089443448859340e-01
5.019893311682647186e-01
4.878464995192560161e-01
4.749534042347717255e-01
4.612976832256049931e-01
4.479130385829208083e-01
4.340251549308978829e-01
4.196663109154812887e-01
4.060108262087734343e-01
3.944863418683718370e-01
3.831536259728716698e-01
3.705649081177859738e-01
3.584525866891443147e-01
3.476943599368375604e-01
3.363516407229949490e-01
3.251679643506433792e-01
3.150189376312331757e-01
3.048809538921329332e-01
2.943951101989341068e-01
2.840588484613076892e-01
2.745601835287027614e-01
2.658768100068786278e-01
2.564435274692272171e-01
2.476635450217653522e-01
2.386154022806478980e-01
2.298791689723575504e-01
2.219015730132241904e-01
2.135710838080523699e-01
2.053031331294667139e-01
1.976581786527810969e-01
1.902897363323752811e-01
1.820543489515051849e-01
1.751490123390102849e-01
1.678608425770398704e-01
1.608856770443554685e-01
1.538405432173469423e-01
1.474552385765922902e-01
1.409182106090864084e-01
1.346105403575373616e-01
1.283510267383659309e-01
1.224652849039406105e-01
1.166318673075701362e-01
1.107478585764804374e-01
1.052150195347055783e-01
9.958015406720177598e-02
9.433555340713892234e-02
8.943999091468692042e-02
8.447061886824512589e-02
7.975124842123841595e-02
7.474845723464902669e-02
7.028048119017547835e-02
6.580452488047840165e-02
6.167510064064223030e-02
5.780653751020440462e-02
5.357838151227187207e-02
4.968848520012228431e-02
4.612011490168929639e-02
4.275508863597514420e-02
3.915138996623213768e-02
3.542921230234639257e-02
3.263674780756144200e-02
2.962793799334297734e-02
2.664228350790802738e-02
2.399441301498355522e-02
2.105536356114021124e-02
1.816374706852685525e-02
1.585014127165642814e-02
1.353957516590752891e-02
1.140694450308095409e-02
9.043632445115083046e-03
7.073903896530585322e-03
5.383082891797857754e-03
3.799751168270179558e-03
2.400928266708123125e-03
1.368647587614260815e-03
4.450618178303714177e-04
