4.653993692711128283e+00
3.403192929416157586e+00
3.022229730116450241e+00
2.716052774554177152e+00
2.444573279509979713e+00
2.192719903896264366e+00
1.989919657760695682e+00
1.813717117437906090e+00
1.664339250922487023e+00
1.537882955692805309e+00
1.444474512380477638e+00
1.354603522883509381e+00
1.275488715225644887e+00
1.198456006774493154e+00
1.136383362736264058e+00
1.071015659971156442e+00
1.019752711445473414e+00
9.705145569350307477e-01
9.233327139535849604e-01
8.752420751502044682e-01
8.343632662612603390e-01
7.969400974121859660e-01
7.592552757727244472e-01
7.251301663154053889e-01
6.903947838248248869e-01
6.582841259319671678e-01
6.302002562727010426e-01
5.999950575178782941e-01
5.731225484908766266e-01
5.492373391532412441e-01
5.244254449276661845e-01
4.997591907471146122e-01
4.783989973213051972e-01
4.560287863091438965e-01
4.336897829633954426e-01
4.147757110128100222e-01
3.924977598593525352e-01
3.713808337167578966e-01
3.509154129390562038e-01
3.324607964407430005e-01
3.134834488421613385e-01
2.946526493604975094e-01
2.764822785069892541e-01
2.591055119481099900e-01
2.411190512810329756e-01
2.232150403370318503e-01
2.021544973398732015e-01
1.803240337376573188e-01
1.573728582382821206e-01
7.294986774406868324e-02
