5.553935087837560403e+00
4.145535051219574996e+00
3.830627215956383669e+00
3.561816320327514607e+00
3.314525894026810526e+00
3.075353088138273350e+00
2.811629976153034782e+00
2.626745659427403901e+00
2.463686221896991047e+00
2.314806882341946093e+00
2.192077926791648146e+00
2.076319799734433147e+00
1.986738566851685928e+00
1.905619650400789400e+00
1.827460262453059814e+00
1.753865402787057270e+00
1.688620428944276108e+00
1.628905941633839838e+00
1.577507442797384307e+00
1.515721718298062015e+00
1.470749784430042784e+00
1.423697195335762222e+00
1.376769479118921335e+00
1.335171994508337345e+00
1.291372938463179132e+00
1.254106022324811942e+00
1.216955464307539980e+00
1.180586790599504221e+00
1.148407140088189449e+00
1.117411154627580450e+00
1.085982804974844118e+00
1.058227117813126172e+00
1.031733978150985331e+00
1.004335659120761726e+00
9.776895982491201620e-01
9.530169782210493601e-01
9.283940088538418234e-01
9.063373413207423956e-01
8.821296754390800521e-01
8.624838223765389777e-01
8.411282750371102956e-01
8.208105023060094929e-01
7.994082735238811077e-01
7.798926804428638615e-01
7.613737108363564099e-01
7.425861879471008509e-01
7.265115508684086842e-01
7.079688424622949672e-01
6.912389939204812705e-01
6.743549416425176357e-01
6.580171515486370470e-01
6.421195582637987398e-01
6.269858478025377435e-01
6.115779123939234507e-01
5.965235590913465780e-01
5.822789357527249354e-01
5.682805013467673305e-01
5.540981444743608986e-01
5.415437613986934240e-01
5.272323454411030896e-01
5.147659920106291143e-01
5.020592008466677747e-01
4.885180638072391668e-01
4.774209755652724096e-01
4.651746045986938083e-01
4.541107768535633804e-01
4.416185750874867533e-01
4.306626553851806705e-01
4.193527164832371312e-01
4.087985098078521506e-01
3.977892254190090182e-01
3.871715654172859788e-01
3.764983930559415715e-01
3.670162621894392796e-01
3.569670041019378237e-01
3.467270821552810300e-01
3.369351793195776157e-01
3.263530241955304723e-01
3.164222639054057318e-01
3.072653343415440719e-01
2.981656562818634226e-01
2.890076441547901887e-01
2.800201435533095085e-01
2.706145559836728443e-01
2.610344878322772844e-01
2.514879355315575715e-01
2.425844394006722304e-01
2.336007497618097506e-01
2.258648006950122467e-01
2.163726173072340608e-01
2.072131889760445433e-01
1.989343509047805381e-01
1.887543505340836258e-01
1.792950735931179151e-01
1.686546501156835354e-01
1.576389465864269368e-01
1.467076759041782141e-01
1.317486685004838620e-01
1.079120331863702154e-01
1.177146380724455703e-02
