4.987117345457774853e+00
3.782640351424380931e+00
3.512737457235551641e+00
3.267557733800650066e+00
3.053953044502338621e+00
2.836100111321057327e+00
2.617720854207206571e+00
2.463158263962905270e+00
2.295678545671608894e+00
2.168746658803939908e+00
2.061593129772550270e+00
1.971663500184430484e+00
1.892136407951572119e+00
1.815033345730035386e+00
1.745597584354642295e+00
1.683508142794802875e+00
1.622869524285659448e+00
1.569117224304594549e+00
1.523160237966213693e+00
1.472017990015642930e+00
1.428220525892351045e+00
1.388510115414516966e+00
1.342381573407664064e+00
1.303302628429290788e+00
1.266873276500459999e+00
1.234405431577962231e+00
1.200420791514111185e+00
1.173463870820545152e+00
1.145849066352768064e+00
1.116834214354410104e+00
1.090811467733803442e+00
1.065339713825869561e+00
1.041616919884966741e+00
1.015777408709128249e+00
9.949983028560775988e-01
9.741214580547680191e-01
9.518896722803222854e-01
9.290391915916703658e-01
9.087257817025933271e-01
8.903681641256878665e-01
8.723261250569264158e-01
8.539497595759720783e-01
8.354858524335406766e-01
8.181921168182647586e-01
8.007876928256725257e-01
7.837009349562432670e-01
7.670778788053130848e-01
7.527295167498317952e-01
7.370374665715304641e-01
7.208058454321168984e-01
7.045288212844750264e-01
6.908645686710604972e-01
6.772691274915727533e-01
6.631127262707040559e-01
6.482928141764512375e-01
6.361873083386182515e-01
6.217690206282624477e-01
6.090750647395403172e-01
5.967652546609384379e-01
5.852188231795912854e-01
5.738253905729474580e-01
5.615524686426441869e-01
5.505717544435713151e-01
5.390882678446249354e-01
5.277110010616198332e-01
5.162122016741788055e-01
5.055881156796770970e-01
4.946256660238581571e-01
4.845357394252504113e-01
4.741428211895523659e-01
4.643134612238901671e-01
4.538052891514288145e-01
4.438784415170706210e-01
4.344218558871585367e-01
4.248057404687489158e-01
4.149118724107508371e-01
4.054322326025221468e-01
3.953944689042463434e-01
3.863400921046418746e-01
3.766389109092024290e-01
3.680806013675995692e-01
3.595426835028748269e-01
3.507472525940747987e-01
3.408761090753196776e-01
3.322199130963701119e-01
3.233165548870119421e-01
3.141527745373814962e-01
3.046194128901592579e-01
2.951325704788959059e-01
2.871018374044775334e-01
2.770576013310303010e-01
2.681880962219219122e-01
2.585431999914514223e-01
2.479054254419207348e-01
2.382234940347912888e-01
2.267400484238119018e-01
2.138588681455927121e-01
1.973262432119054499e-01
1.737861636663017018e-01
1.455161051636810060e-02
