4.004627584102554039e+00
2.975610011111298636e+00
2.672040600926209208e+00
2.426616411863224076e+00
2.200799090291061244e+00
1.997886153037913948e+00
1.831418203938385503e+00
1.690792205917547308e+00
1.568062755335119851e+00
1.463439496870040379e+00
1.388299303569201948e+00
1.311974577109998874e+00
1.245119285379101548e+00
1.182658021804753545e+00
1.131984280543745225e+00
1.081052519840182136e+00
1.036494785252072059e+00
9.942245634710380475e-01
9.536482857303755223e-01
9.121445542604265100e-01
8.811204634883620379e-01
8.478926673797017033e-01
8.136049904572422165e-01
7.862655128171621710e-01
7.566730008127419138e-01
7.303191158052537713e-01
7.053645022451857649e-01
6.791594287522069173e-01
6.553489108572564392e-01
6.336968005007869165e-01
6.124724379534121077e-01
5.898485203616242734e-01
5.710064280282191040e-01
5.513514212951114990e-01
5.308214460002809165e-01
5.097070985164033896e-01
4.937078697868045873e-01
4.745755934859205438e-01
4.569100200980318327e-01
4.388702839014401169e-01
4.198081615420473089e-01
4.010560310846089105e-01
3.832485598206953892e-01
3.665678287972304883e-01
3.492021559030094036e-01
3.314521357675557778e-01
3.112327193937112768e-01
2.897174206893748938e-01
2.620547924641670745e-01
9.805099164020024405e-02
