3.565775488662369153e+00
2.689324308572762501e+00
2.433793247438281959e+00
2.223624005439860163e+00
2.032827596819235527e+00
1.860552530762180634e+00
1.717849184512126426e+00
1.600006522862158276e+00
1.495936328892752520e+00
1.405497350522596722e+00
1.341786220177888289e+00
1.278830027319229012e+00
1.219721246424958938e+00
1.167518296899337393e+00
1.122659474989554651e+00
1.080747622635902294e+00
1.041173365394767236e+00
1.004970921890207869e+00
9.706554938669968990e-01
9.354196776096134203e-01
9.074225076288641167e-01
8.789629613038674183e-01
8.493546635404863876e-01
8.247708471574997091e-01
7.989328959796211382e-01
7.756364122483357937e-01
7.529130754794474134e-01
7.318028414488453315e-01
7.113700575730574904e-01
6.918159982421029364e-01
6.711890147870405166e-01
6.517505381067887349e-01
6.355246263765893522e-01
6.181973380432127518e-01
5.996457555486294222e-01
5.806636327808756270e-01
5.657251039138820881e-01
5.497679208052798083e-01
5.328546733737823393e-01
5.155000375338295582e-01
4.980865443322965436e-01
4.809486700141109572e-01
4.642820007672618932e-01
4.485901812352829920e-01
4.325005783003132431e-01
4.153656949513773178e-01
3.954881265952165936e-01
3.738908490529382345e-01
3.466786815450902948e-01
1.116988596412852169e-01
