5.941003270506064027e+00
4.598142811919969652e+00
4.263024682288186540e+00
4.021851004308726552e+00
3.778701813054931691e+00
3.540577426190776755e+00
3.301736837314685591e+00
3.122092725497505050e+00
2.956224885105454891e+00
2.805136132815878369e+00
2.675905039686617304e+00
2.562719591900413540e+00
2.468631677339713892e+00
2.372128993101475292e+00
2.287116056838303990e+00
2.213307562874374579e+00
2.145564394426629384e+00
2.080390417014013060e+00
2.014786842719995974e+00
1.959838006768304108e+00
1.903459937608743546e+00
1.852220893454163742e+00
1.801967096023368020e+00
1.759655474025216826e+00
1.716396424435453705e+00
1.672099850280367228e+00
1.633055210396571422e+00
1.597087162197867727e+00
1.559864516039072058e+00
1.524003108198536793e+00
1.491529140486183236e+00
1.458476527015747592e+00
1.429347346748391256e+00
1.398737895392563324e+00
1.368475475239137040e+00
1.341935726773286985e+00
1.316359581509306320e+00
1.289309791117373205e+00
1.265207252372354763e+00
1.241405796766245517e+00
1.217872228567576043e+00
1.196307185194501743e+00
1.175401175544844801e+00
1.156587922437897431e+00
1.137446125420928489e+00
1.117943876091009869e+00
1.097837390815795233e+00
1.080076465329546709e+00
1.063194956278995962e+00
1.045577271707644140e+00
1.029776052736290026e+00
1.011970818907366620e+00
9.967368615417145916e-01
9.813315235301816042e-01
9.664613822251744146e-01
9.496278413455508938e-01
9.340468288268456432e-01
9.193631132937839512e-01
9.048624471332989971e-01
8.889038006774732104e-01
8.734027437541516115e-01
8.579565345274745569e-01
8.449918008916160739e-01
8.302685742952949921e-01
8.164294199599957391e-01
8.018223855376190867e-01
7.870696397142693534e-01
7.742179851627005727e-01
7.606548345521947363e-01
7.482595709699597641e-01
7.344973536167455075e-01
7.211793596327430445e-01
7.085411885597868720e-01
6.962316469302578525e-01
6.835691777858636797e-01
6.722103390788732868e-01
6.601408639971459991e-01
6.482228254754387464e-01
6.370795995209036500e-01
6.260986402258011951e-01
6.156424669692659446e-01
6.045315541263391879e-01
5.945123102254928904e-01
5.838982565082088128e-01
5.721689918917540751e-01
5.628214022559592244e-01
5.512145364252513113e-01
5.408379357906166751e-01
5.302498827702286643e-01
5.206590045642278675e-01
5.114260538413661905e-01
5.018274411617138497e-01
4.922915037061226795e-01
4.831684393568996816e-01
4.735420703500105577e-01
4.642966019028528235e-01
4.551248182305185908e-01
4.464964313754214986e-01
4.375415640763871683e-01
4.295801176337624150e-01
4.213208495639186868e-01
4.126160273822712665e-01
4.041315635365406722e-01
3.960786785065272264e-01
3.884192055897811025e-01
3.805040759045827947e-01
3.725111419323163808e-01
3.641118510967304989e-01
3.570002153620148166e-01
3.497445588634882085e-01
3.420074960143854037e-01
3.352461558447492052e-01
3.277360733300955786e-01
3.209780708390681525e-01
3.142702035541291572e-01
3.069463795818639928e-01
3.002878967386800046e-01
2.932378433438836973e-01
2.863807486296792160e-01
2.797036288866328602e-01
2.726045318946129226e-01
2.660144272609415994e-01
2.588832530654829878e-01
2.523930125471616215e-01
2.463787392919652708e-01
2.400222990751742780e-01
2.335874754128945963e-01
2.270098384913822875e-01
2.206422595063652625e-01
2.141369077660248976e-01
2.077349263947631253e-01
2.014634075496475885e-01
1.947966518311705364e-01
1.882928068617125694e-01
1.822597227517102347e-01
1.756409285252699126e-01
1.696653312127689162e-01
1.631543909872709419e-01
1.567874077626336682e-01
1.506172711510352369e-01
1.443356294581949750e-01
1.369059847609475356e-01
1.292067275809581639e-01
1.208363790901201551e-01
1.115184850974325070e-01
1.024023681158152260e-01
9.101865618266419267e-02
7.593083683292740915e-02
5.244407331346905010e-02
4.607093016509852118e-03
