4.880833665723852910e+00
3.684055610685551319e+00
3.417717402883917455e+00
3.189593734950932902e+00
2.973766661293554492e+00
2.773846074602297485e+00
2.553054584841210062e+00
2.396861065595667473e+00
2.258573745694440138e+00
2.132996323798745486e+00
2.029074437135461206e+00
1.928547712468517306e+00
1.852931253637474907e+00
1.785416089827621899e+00
1.719937169124429843e+00
1.655935681948431881e+00
1.602053529352457373e+00
1.551310491960979254e+00
1.505260476234713263e+00
1.456172659894076293e+00
1.417504465338995434e+00
1.375511770334091999e+00
1.337611986126997055e+00
1.302534714414527173e+00
1.266280217037929257e+00
1.232715044942441773e+00
1.201676902709543526e+00
1.170461814088459285e+00
1.142686100235843494e+00
1.115160210147186692e+00
1.089636771254066439e+00
1.065604863209813846e+00
1.042670472998469711e+00
1.020055790258205475e+00
9.979021294291915423e-01
9.770663638720242794e-01
9.533647900128608965e-01
9.345639502697860035e-01
9.153342769262657885e-01
8.969737389836417440e-01
8.786416353987358541e-01
8.617031372448248350e-01
8.432500353877475652e-01
8.265575047123698837e-01
8.106497963092579306e-01
7.943981061878103711e-01
7.798259647952123785e-01
7.642313661129920277e-01
7.491571348246440776e-01
7.340587509788817355e-01
7.201292297661503472e-01
7.060684971606832061e-01
6.922187513683462079e-01
6.779683004409419178e-01
6.654047915689434989e-01
6.523510854179592755e-01
6.401906998762840750e-01
6.277443090900504119e-01
6.141754473852352181e-01
6.026777596864452136e-01
5.910377080187814158e-01
5.796955750713733702e-01
5.692970193251032374e-01
5.567478027559504827e-01
5.460514883318203783e-01
5.352087492787511724e-01
5.237497610221173439e-01
5.135921334338435784e-01
5.031057920668958738e-01
4.933678835218963110e-01
4.826589293633545275e-01
4.721067388772677287e-01
4.626519194292233461e-01
4.531316996659274787e-01
4.434173563159409248e-01
4.338623948372537509e-01
4.243291937777711742e-01
4.150458796956184582e-01
4.058895044375509520e-01
3.959608324680312652e-01
3.867924735217570520e-01
3.768417260230579324e-01
3.679730729915686727e-01
3.594270354316359550e-01
3.507070391017379496e-01
3.415378439384078590e-01
3.326833586964098588e-01
3.230542327216586740e-01
3.150373659542743954e-01
3.062691290981824355e-01
2.975799788465888218e-01
2.881696883681407750e-01
2.780658913904350271e-01
2.681330394327444133e-01
2.577015420112305777e-01
2.444913769237152812e-01
2.314798562388878378e-01
2.156322380039838171e-01
1.893911353311884538e-01
2.346656632172579998e-02
