5.402800475933895896e+00
4.202333010277532921e+00
3.900347655789806911e+00
3.684576912839224505e+00
3.471668762538028030e+00
3.257887462347306418e+00
3.048998844315720103e+00
2.884099088303149205e+00
2.740182477820733098e+00
2.610883265888990667e+00
2.487114631764542949e+00
2.391726834312291938e+00
2.308075451183682070e+00
2.226281719343413457e+00
2.148860277770244132e+00
2.084304975657225167e+00
2.022705627954629382e+00
1.967565855911147965e+00
1.913409413282833427e+00
1.861909194665692269e+00
1.811202131641054036e+00
1.767451947033434001e+00
1.723389629970342618e+00
1.685052566044076272e+00
1.646814082246382593e+00
1.610104114349400373e+00
1.574898392811856729e+00
1.541002778585176980e+00
1.509124580260879256e+00
1.478074083759532309e+00
1.449187166542710736e+00
1.420703544334053214e+00
1.393341304564615690e+00
1.367997949136586788e+00
1.341659860856261544e+00
1.315578139183496642e+00
1.291309881287368677e+00
1.270691815300134531e+00
1.246784415934745427e+00
1.226167563187006815e+00
1.205251339185362314e+00
1.186067659766365301e+00
1.169262630718006069e+00
1.151370013243825152e+00
1.133339356900538997e+00
1.116895710839081124e+00
1.099570445893284232e+00
1.083598662013016467e+00
1.067688598370086339e+00
1.051961142319470799e+00
1.037447524153687795e+00
1.023701418993686385e+00
1.009784041770581897e+00
9.959746787606698071e-01
9.824493460269682066e-01
9.684833356906200619e-01
9.561927423073958154e-01
9.422644376625285423e-01
9.287204370231941786e-01
9.159621460686239169e-01
9.034520408595326790e-01
8.909760873406300519e-01
8.777965341522618870e-01
8.640458243533434279e-01
8.514117577517613666e-01
8.380766748022904222e-01
8.267629076100578844e-01
8.131723132899246753e-01
8.015702688435994983e-01
7.899443694466026233e-01
7.778014061148177394e-01
7.660563025038051865e-01
7.547893044764398818e-01
7.439115398185720540e-01
7.331428101952691678e-01
7.222888090406713868e-01
7.112156779724964073e-01
7.001401434637252175e-01
6.887879248623857142e-01
6.792223348918430270e-01
6.684615439973210504e-01
6.582790420299587941e-01
6.475482862598308520e-01
6.381068644893591602e-01
6.286088120624716558e-01
6.191733870863884714e-01
6.098699480785902960e-01
5.999131408504260188e-01
5.910429762370071893e-01
5.815993280974801616e-01
5.725117062198183948e-01
5.634581112354445365e-01
5.541381974092302043e-01
5.451519778197648769e-01
5.357526560773319124e-01
5.279237853873273156e-01
5.193345238284435839e-01
5.114125268414473346e-01
5.026423217508531049e-01
4.945926099808660714e-01
4.868097885465771935e-01
4.793116687877974624e-01
4.709285869428320170e-01
4.633981316500821457e-01
4.552826055910357828e-01
4.478028474294065697e-01
4.403328835456511436e-01
4.329347938608114621e-01
4.255787692546594836e-01
4.182516217852918494e-01
4.118577511561414273e-01
4.047088302068136967e-01
3.962873143641361118e-01
3.897857942896761352e-01
3.823162965833286631e-01
3.755556056679035248e-01
3.688147613588791396e-01
3.614796234775606298e-01
3.545651486312263456e-01
3.482464005380355720e-01
3.406485654399153962e-01
3.340629815338446718e-01
3.276971266269964045e-01
3.213200222362169733e-01
3.144331311965791187e-01
3.073420626268476563e-01
3.012925253694602734e-01
2.948518490793333724e-01
2.885610170964798549e-01
2.816940743964523874e-01
2.754583571857783242e-01
2.686352497652126914e-01
2.622314581174854942e-01
2.558732812317279781e-01
2.488002255497530901e-01
2.417993417498284781e-01
2.354081166673247238e-01
2.281978959534924079e-01
2.218552827058949961e-01
2.145411354242641178e-01
2.073486319068359729e-01
2.002703300442519874e-01
1.919152114784182517e-01
1.832330080369580227e-01
1.723161313345293599e-01
1.619737855350741329e-01
1.475271023498373191e-01
1.282370674288658974e-01
1.023977953248180611e-01
9.487682774075422570e-03
