3.185025282026050952e+00
2.440337055421183621e+00
2.224030039612951093e+00
2.045079096586031042e+00
1.883413529285819177e+00
1.738207409409759485e+00
1.615456005802806239e+00
1.516159895401684388e+00
1.428023769559877421e+00
1.352834674140564131e+00
1.298108882605520265e+00
1.242932645910071798e+00
1.192093005373874748e+00
1.148405931535742219e+00
1.110498723374626850e+00
1.074690878235044167e+00
1.041440223088170525e+00
1.011146909942572725e+00
9.824288436241789269e-01
9.519289819549753284e-01
9.271839538790619395e-01
9.037757445541508838e-01
8.787310651619972823e-01
8.571194618161958045e-01
8.348997070198660442e-01
8.150156072205254620e-01
7.950494092674074142e-01
7.756125540274905195e-01
7.596826327029204684e-01
7.425825847634612842e-01
7.257813676952566961e-01
7.070744825784064380e-01
6.925464954094933123e-01
6.767990064909170655e-01
6.611153800830910088e-01
6.443265196795653349e-01
6.309217093892078854e-01
6.157343823587563270e-01
6.007382751549402711e-01
5.859973192847290901e-01
5.707820430140925216e-01
5.555565670429745140e-01
5.406595772802621491e-01
5.268580876272256353e-01
5.105664762762188724e-01
4.945222091188028468e-01
4.762894652985298349e-01
4.558737936161826321e-01
4.282377588646983368e-01
1.277245804320622513e-01
