4.840531261767488047e+00
3.780350585122395302e+00
3.519715871647161265e+00
3.336683709893426553e+00
3.145243663741648099e+00
2.964798611332034817e+00
2.775492292333003874e+00
2.634527840445485936e+00
2.515948711750966460e+00
2.396398937426161169e+00
2.292778182025385636e+00
2.212825749616549764e+00
2.138446111254213466e+00
2.064711888092874315e+00
2.003126478736225735e+00
1.947201368443388647e+00
1.894769048645588594e+00
1.845626012070163080e+00
1.799353289502117814e+00
1.754679233627928658e+00
1.712229669023101142e+00
1.673391136128391077e+00
1.634623752723557200e+00
1.601846325013601691e+00
1.568861338791992077e+00
1.537870066885236975e+00
1.506658177878192673e+00
1.476139191831429498e+00
1.450478092337664338e+00
1.425190542852866393e+00
1.398640151086484096e+00
1.373556185799371887e+00
1.351611291727030650e+00
1.329194051599847937e+00
1.305263348062775997e+00
1.283232511889976557e+00
1.262968888518128718e+00
1.244823801394584040e+00
1.226232875701066538e+00
1.205642831518758396e+00
1.188457794590697114e+00
1.171430383439246103e+00
1.155378972499894630e+00
1.141400131969277698e+00
1.126357844170424949e+00
1.110682603808943680e+00
1.096961913827700696e+00
1.082368336354766258e+00
1.069830569238838791e+00
1.057016609392709805e+00
1.044783547224903852e+00
1.032240058066352661e+00
1.019835543042964865e+00
1.007031651412928497e+00
9.961838610870880073e-01
9.852590891836707776e-01
9.739936233470996019e-01
9.623806107835197743e-01
9.508506848824762603e-01
9.390588622472426650e-01
9.277691725325264427e-01
9.167922485478159356e-01
9.051413174045621624e-01
8.941329137627110901e-01
8.839267990025478916e-01
8.733513965651847899e-01
8.624775574263554567e-01
8.521796200793733123e-01
8.414268437209447837e-01
8.309833456214869019e-01
8.208455779158696508e-01
8.100210450726010869e-01
7.996848491873091991e-01
7.900437250339261697e-01
7.809783475130314123e-01
7.708379022868285801e-01
7.609020647401599780e-01
7.513103209339400124e-01
7.420402914214896395e-01
7.325030870831596985e-01
7.239285814123859186e-01
7.145168371556246401e-01
7.054043852668934189e-01
6.958613733407237323e-01
6.865251677154771137e-01
6.774101304093617104e-01
6.688567427571662227e-01
6.603266986011669948e-01
6.521020536206176832e-01
6.436399710469945523e-01
6.354861642891704854e-01
6.276300729323700534e-01
6.192276096894933080e-01
6.107237784507845157e-01
6.021906158342698046e-01
5.943526447721853012e-01
5.871236709530335274e-01
5.787094331301773087e-01
5.713511893898854943e-01
5.631299453823219725e-01
5.556676417215422603e-01
5.484202797404154062e-01
5.407774363299633347e-01
5.321747557208968971e-01
5.256499971866550602e-01
5.190225813734891114e-01
5.120049412299072511e-01
5.046527775315172715e-01
4.980036825610404394e-01
4.917575207102738433e-01
4.846978589364656087e-01
4.776818922630963749e-01
4.712414738507555989e-01
4.639581028489170866e-01
4.575868648151872886e-01
4.512161630125984257e-01
4.437283935043936367e-01
4.369211974535917031e-01
4.309468790283541018e-01
4.242534355702662907e-01
4.180079565607698333e-01
4.117821450074362621e-01
4.052864731582817570e-01
3.989205536098254790e-01
3.919852741593261025e-01
3.855129908923030646e-01
3.788561763948672945e-01
3.726511838476922467e-01
3.661178003000324366e-01
3.598255851889587964e-01
3.536062867706540880e-01
3.468282286023269267e-01
3.410110132003723038e-01
3.344299368312237397e-01
3.277420666349217249e-01
3.208827996845695640e-01
3.137002526197577024e-01
3.069690602785043465e-01
3.004338159342662129e-01
2.932760763900560397e-01
2.851563060618246825e-01
2.767969020169667171e-01
2.685670603765977771e-01
2.601608825160183214e-01
2.508520914561498949e-01
2.393242948833779471e-01
2.230548627237143311e-01
2.060342835568331199e-01
1.708245944009019746e-01
1.202790974119743485e-02
