3.830336878263318034e+00
2.861493939110586027e+00
2.579037892493336148e+00
2.344937868915162760e+00
2.134409502445306916e+00
1.943041422403818830e+00
1.785686437546500249e+00
1.652658843992887538e+00
1.539720929656773762e+00
1.441755307005466058e+00
1.370700511619826312e+00
1.300553501889283758e+00
1.235488075418711640e+00
1.176633708214613883e+00
1.128080562778712492e+00
1.080766116854789516e+00
1.039451379341750137e+00
9.990688527151887488e-01
9.623038962617722625e-01
9.240110191938906148e-01
8.920817810645591539e-01
8.606280657048867022e-01
8.297305181331104951e-01
8.017354633273909847e-01
7.737305756936804224e-01
7.491652050714953104e-01
7.233529366588339338e-01
6.994417412885579610e-01
6.787528965062972208e-01
6.572170467960267715e-01
6.357071377938144918e-01
6.139348142773185524e-01
5.965803437416105082e-01
5.779762816509527168e-01
5.574616371787284308e-01
5.384490406953789110e-01
5.215728283294214229e-01
5.042656195655941254e-01
4.867389709861733027e-01
4.676727506925180133e-01
4.503050343038270675e-01
4.333103121033309302e-01
4.159264102175186384e-01
3.976821453012974183e-01
3.811694030409122913e-01
3.647883218655696425e-01
3.438348074033137358e-01
3.222570996234664364e-01
2.936716838917693417e-01
1.007224809709533764e-01
