3.273477312094277281e+00
2.499206999356632153e+00
2.272155054427988929e+00
2.087389862970999044e+00
1.918607199345579772e+00
1.767473753817282889e+00
1.638860125408394319e+00
1.536147761967725733e+00
1.443969179362385669e+00
1.365144692113853253e+00
1.308015100910719264e+00
1.251251792610366786e+00
1.198095600301029906e+00
1.152931694957876285e+00
1.112867656687243301e+00
1.076616169532208067e+00
1.040776968930163582e+00
1.009992394915587344e+00
9.796666570802472496e-01
9.478172087178207139e-01
9.233662239115063564e-01
8.975579393028562114e-01
8.726511861851444785e-01
8.497045764601321993e-01
8.272879974345346277e-01
8.057696774572018494e-01
7.849236052318948609e-01
7.657506425371967129e-01
7.481063249294825912e-01
7.312097814944921170e-01
7.120858906395669541e-01
6.958189794593933053e-01
6.787052933516121156e-01
6.634342379194849704e-01
6.467870771186176038e-01
6.300403330631655363e-01
6.161906067638792672e-01
5.997100778601851534e-01
5.847365798068394627e-01
5.693503028461113225e-01
5.529467226989068784e-01
5.374335017622545729e-01
5.223812891769673561e-01
5.077646752439700650e-01
4.917165435595546863e-01
4.765427688319998634e-01
4.565985365645799932e-01
4.353565149562974579e-01
4.083855037987876857e-01
1.272234241249992071e-01
