9.565312088093104848e+00
7.272120165891983845e+00
6.664248189593778626e+00
6.211334398516485500e+00
5.793097994995398459e+00
5.376094603057465449e+00
4.940149068201191263e+00
4.602750231446044893e+00
4.293467357210946744e+00
4.001965895335096945e+00
3.772098829084873373e+00
3.583776982182638626e+00
3.398951254116793219e+00
3.247990984862538344e+00
3.096921549098224702e+00
2.957833805894489299e+00
2.834798081844238204e+00
2.713303869441576754e+00
2.610665676200728758e+00
2.495785776622381213e+00
2.388985144478968259e+00
2.296008413824063510e+00
2.213176980204111022e+00
2.123266596472505707e+00
2.049404241860353082e+00
1.972707189957711771e+00
1.902936196184548789e+00
1.835061683358115037e+00
1.767296340482474415e+00
1.709012799328967214e+00
1.648974385938190901e+00
1.594722872255439183e+00
1.537618214040219478e+00
1.488516752922196540e+00
1.444304826718424417e+00
1.397143090041519820e+00
1.353435904631929310e+00
1.308748704866916412e+00
1.263185530368936993e+00
1.223628767312858079e+00
1.186336466442133197e+00
1.147240171985847823e+00
1.112047964779048659e+00
1.074001637401644560e+00
1.038557792454030126e+00
1.002970048859889385e+00
9.660339987367230208e-01
9.337978079768674000e-01
9.016542027766388800e-01
8.701521416031076095e-01
8.362347200302450156e-01
8.043126999632557173e-01
7.722397005471283160e-01
7.452507459782011789e-01
7.133159788627199127e-01
6.875128025258304687e-01
6.610329284764634439e-01
6.325944928786974009e-01
6.075455930193632836e-01
5.792865669202096335e-01
5.546862829142510387e-01
5.286764105414356596e-01
5.051665179982043341e-01
4.827622346899623773e-01
4.595550651213311522e-01
4.383876807506824624e-01
4.189703138566736040e-01
3.970184127923670481e-01
3.779942707487226050e-01
3.579416179705945944e-01
3.374942515052715142e-01
3.187318025830172541e-01
3.036731425808740781e-01
2.852895873080773526e-01
2.682769147969656376e-01
2.528926321412925393e-01
2.357419401945793358e-01
2.207068113797807096e-01
2.067204231382957225e-01
1.920009580328199683e-01
1.794043401966263496e-01
1.661327425809615566e-01
1.527915365580530538e-01
1.424997123465187032e-01
1.310342348004965851e-01
1.195390830737358828e-01
1.091443733020451556e-01
9.870241654514705365e-02
8.939534186211073319e-02
8.037116208639769055e-02
7.152190708649773521e-02
6.213759487276360877e-02
5.405171952962294774e-02
4.702089879896024366e-02
3.961734190911664344e-02
3.239492878491871675e-02
2.576620754913321390e-02
1.975584114560132581e-02
1.311144676959727015e-02
8.714125857787202776e-15
6.626856830725456551e-15
5.565165528277819300e-15
4.663184680638295877e-15
4.000687345137989539e-15
3.373832223717112815e-15
2.948992035794227378e-15
2.586611371084725345e-15
2.232270484751580399e-15
1.957378197620333036e-15
1.699294930502089405e-15
1.464741063250019780e-15
1.249559070681635090e-15
1.078269744893375897e-15
9.323784770328849434e-16
7.992920959753417411e-16
6.876040585724068306e-16
5.915764945309213956e-16
4.993162404706768003e-16
4.153064247015470397e-16
3.353221147875502007e-16
2.601100139981195309e-16
1.833743922512448252e-16
1.088137182515800126e-16
4.234672090723886336e-17
-2.596208458043304732e-17
-9.485317707953044241e-17
-1.672997182471473245e-16
-2.414392899164595949e-16
-3.170862447753964863e-16
-3.955981322814166025e-16
-4.772470704344239744e-16
-5.737410299616985770e-16
-6.673017893304977823e-16
-7.703289831356024107e-16
-8.724487349051694902e-16
-1.001566080001997730e-15
-1.149317707069711210e-15
-1.319476463813982675e-15
-1.502326894491874245e-15
-1.712318489231780489e-15
-1.937791658942898358e-15
-2.240887106808532790e-15
-2.575518482944951833e-15
-2.967942465398876684e-15
-3.429450720125181588e-15
-4.009455259310278736e-15
-4.769551848557386425e-15
-5.601696718097862385e-15
-6.741950469290486416e-15
-8.867182854664198608e-15
