4.955574430929847729e+00
3.734347146877593282e+00
3.464368828561256830e+00
3.230276300674388423e+00
3.013536279137593255e+00
2.812016524855444732e+00
2.583346348020184369e+00
2.423828416497372018e+00
2.282239205190383480e+00
2.152600490151593160e+00
2.049065411892649902e+00
1.947259645622806845e+00
1.872215112976496121e+00
1.799515258879131885e+00
1.734065219847813921e+00
1.666432502965448981e+00
1.612669869207572049e+00
1.561676505424474115e+00
1.513245095996365919e+00
1.465164546165758530e+00
1.421945744757584507e+00
1.380812009067397428e+00
1.344880113302981961e+00
1.304863695606073071e+00
1.269697754227745223e+00
1.236726754472206702e+00
1.203623829802602518e+00
1.172463838718070361e+00
1.143208669324878857e+00
1.118095470776389266e+00
1.089689836669956780e+00
1.065059849319150986e+00
1.042190325259107153e+00
1.019697560535607783e+00
9.959660378019538074e-01
9.759844759302416239e-01
9.528405325584847763e-01
9.323843610356514766e-01
9.112572583374161095e-01
8.930432587499325114e-01
8.753395764734837048e-01
8.580275379515639456e-01
8.382091268119054028e-01
8.208214433595805160e-01
8.050301597406666065e-01
7.895773080885132300e-01
7.736024615875717325e-01
7.576577500730182768e-01
7.414422947969141475e-01
7.272488366510150293e-01
7.119359738556282347e-01
6.976766060859563856e-01
6.839277707206157242e-01
6.710852020704933807e-01
6.575158171816889441e-01
6.438595647594218541e-01
6.316459758787602574e-01
6.194731859790201245e-01
6.055922931502120132e-01
5.932945623506652444e-01
5.821275361764297607e-01
5.713548264151915301e-01
5.587837939656407071e-01
5.481350194305650847e-01
5.365659368266484375e-01
5.254714719185608063e-01
5.152846257923984208e-01
5.039639115107537037e-01
4.935709777576021695e-01
4.832489654454218964e-01
4.729189561494511751e-01
4.615577113703578371e-01
4.524741378427143967e-01
4.427462978947683814e-01
4.327942927980170662e-01
4.233688807739339754e-01
4.137458739333163549e-01
4.032757349901617272e-01
3.940383652290334604e-01
3.851360557654145977e-01
3.753884052597009635e-01
3.659543586339616961e-01
3.580784159593139448e-01
3.495917572912779492e-01
3.407075420216528761e-01
3.309843914380942720e-01
3.222932861387983738e-01
3.134636389215799679e-01
3.050752401974697881e-01
2.963177170507985680e-01
2.866598666731674516e-01
2.774908349827784892e-01
2.674088964677308056e-01
2.568415049368932834e-01
2.461687369764548883e-01
2.346540220858839842e-01
2.204602646195799598e-01
2.042089444150540778e-01
1.774506304723627859e-01
1.940020977676188904e-02
