7.514325204634944910e+00
5.523208502306168555e+00
5.080630828149749867e+00
4.679392108162457653e+00
4.313139878291243789e+00
3.935789208019169649e+00
3.580349481943636114e+00
3.308616837591682014e+00
3.025146159271051349e+00
2.796547883621640196e+00
2.624295607639785644e+00
2.468132195702186227e+00
2.335750543923585720e+00
2.207579386751963746e+00
2.090961723499711766e+00
1.993855271711024280e+00
1.895123064677328495e+00
1.808753604403930515e+00
1.733416010166256127e+00
1.646687670280189808e+00
1.574315012983733775e+00
1.506221108324762969e+00
1.439323525040263618e+00
1.374470126529288905e+00
1.313850377944339787e+00
1.258253228407405722e+00
1.209797882711473482e+00
1.160470071818605842e+00
1.117382402403364061e+00
1.076744480677039872e+00
1.032926978139805607e+00
9.938560874472066597e-01
9.549190340022792878e-01
9.195737333080387099e-01
8.824738162347378623e-01
8.517500761974216017e-01
8.152642468463544567e-01
7.818436764511221826e-01
7.501584626711057524e-01
7.191985940886150841e-01
6.935687306828616228e-01
6.640721568657732554e-01
6.363863066584201089e-01
6.131634846474666167e-01
5.888823005108431152e-01
5.656354458081620518e-01
5.421950872611696060e-01
5.202835879308007616e-01
4.977265933051610580e-01
4.774037941392084705e-01
4.574175547683380083e-01
4.387403296057308943e-01
4.175292146644558611e-01
3.999532165084602187e-01
3.824572697466375182e-01
3.647802391857831728e-01
3.477330888744956661e-01
3.322475835530179222e-01
3.161339600865136212e-01
3.003377900257898081e-01
2.851375021678956290e-01
2.715743363561849422e-01
2.578888297382214145e-01
2.445794937392136159e-01
2.327578784066390294e-01
2.210251080556849823e-01
2.084196188899076763e-01
1.957452926807359828e-01
1.858422754118344844e-01
1.747486437901914214e-01
1.644861903892042565e-01
1.545344464487148628e-01
1.452807543239370003e-01
1.359070601445227233e-01
1.270030939113143686e-01
1.175511031125940353e-01
1.088761516152363940e-01
1.008036301316379973e-01
9.319605333896395505e-02
8.544572782458026428e-02
7.833459579429029318e-02
7.175134151750728329e-02
6.501603733140653985e-02
5.912142651538319221e-02
5.358736638513674627e-02
4.822898893893496491e-02
4.323142268018121542e-02
3.813926569664231880e-02
3.379785116144837925e-02
2.951806298562308084e-02
2.530081462160956723e-02
2.139857666039060927e-02
1.795270800986271953e-02
1.494052425014262900e-02
1.203737971593898948e-02
9.236963414792768653e-03
6.992623237355789431e-03
5.046106917004154757e-03
2.987960126278788649e-03
1.434965759094895517e-03
