3.296583513753453598e+00
2.579331940973736081e+00
2.426276676637439511e+00
2.291819250338759772e+00
2.166462093130324007e+00
2.049980736073977017e+00
1.920191013806596958e+00
1.828023068959014008e+00
1.745756275454019235e+00
1.672782950926132717e+00
1.614423090410308737e+00
1.556103176233411878e+00
1.511713433757997160e+00
1.471895731280771669e+00
1.435839457152359833e+00
1.396830263180290022e+00
1.366426868384142956e+00
1.336372291475941498e+00
1.308730992744354227e+00
1.282101102076464549e+00
1.258633454681427732e+00
1.235495221149778722e+00
1.214827992586680505e+00
1.193729776998711634e+00
1.173543396313744491e+00
1.152977880925918353e+00
1.134165934220125571e+00
1.116226252244013839e+00
1.099039574980870126e+00
1.084229758359318341e+00
1.069045277688018603e+00
1.055447393154525848e+00
1.042439840733002887e+00
1.028611540296233473e+00
1.016294554202784584e+00
1.003385784847703244e+00
9.906536955458575822e-01
9.795374211462016811e-01
9.685153383254503368e-01
9.576677182153503498e-01
9.472009627478575888e-01
9.363331027212947744e-01
9.262704846421790927e-01
9.159485034892805855e-01
9.070506401499122129e-01
8.974152934219676858e-01
8.881967751670868383e-01
8.782973807797397336e-01
8.699996970271627328e-01
8.616908460240242373e-01
8.518492974452737121e-01
8.434468247791579998e-01
8.355645955590906837e-01
8.262018961227561853e-01
8.183364950528122517e-01
8.103196228886188068e-01
8.027088797841825940e-01
7.946198777175571548e-01
7.862793186547947233e-01
7.789425392459675690e-01
7.710988152859122868e-01
7.634940675078805139e-01
7.558841892647057970e-01
7.488873435800882383e-01
7.414567709976893628e-01
7.342580784106579328e-01
7.268692423346365672e-01
7.198878921327174218e-01
7.129745214516397533e-01
7.057024542834576808e-01
6.986600713975645860e-01
6.920032159158737706e-01
6.854179745006468982e-01
6.783703420112283666e-01
6.715119007128488304e-01
6.648012041471890177e-01
6.581230678752812979e-01
6.508256502121260167e-01
6.441882582629915310e-01
6.377604315576965721e-01
6.315538788932825165e-01
6.240224663643406666e-01
6.169053973986130535e-01
6.103362380387951092e-01
6.027089249185767494e-01
5.952732632045109051e-01
5.890720796983851537e-01
5.823353199993948071e-01
5.758883591896415410e-01
5.684126265552974511e-01
5.611509883052181458e-01
5.526989815150818997e-01
5.447491375134415614e-01
5.358089277223198055e-01
5.272941181683917788e-01
5.179114887078302143e-01
5.064554106132461708e-01
4.902144871664947390e-01
4.658010153052530300e-01
3.044663209312099827e-02
