4.143874105248631423e+00
3.189567332005530442e+00
2.980680484024140764e+00
2.787129318376892151e+00
2.622876057443665587e+00
2.450624664519112539e+00
2.275862055330480693e+00
2.153861607814925971e+00
2.023983962796835900e+00
1.925837550936426279e+00
1.841847461976096945e+00
1.771727867154270886e+00
1.711767815123240277e+00
1.651165093048746924e+00
1.598531622613153402e+00
1.549095691789446727e+00
1.502113051228832319e+00
1.458652555500874470e+00
1.422717894362750535e+00
1.383551855483479809e+00
1.350203139437043731e+00
1.319110401554697720e+00
1.284220543743053833e+00
1.251486376523225807e+00
1.224699268227777749e+00
1.200775465898768601e+00
1.173879910553669914e+00
1.151266074286786179e+00
1.129245798691646430e+00
1.106430027434938568e+00
1.087072270929826168e+00
1.068491938138311781e+00
1.047523904653018922e+00
1.027872363454329641e+00
1.010568257099515366e+00
9.938685980658396035e-01
9.770302087208949660e-01
9.594858958315736208e-01
9.443502127936145296e-01
9.301052405682412871e-01
9.145734846059272449e-01
8.997098572130473038e-01
8.859926491817421423e-01
8.719911143925513919e-01
8.576352681512362519e-01
8.440653489260099285e-01
8.308813054298748169e-01
8.186167634877444810e-01
8.058782927744354563e-01
7.924558755315124214e-01
7.791177489160014957e-01
7.679594411715942037e-01
7.565032674713160210e-01
7.452696250158773461e-01
7.341691376184280582e-01
7.231812623195316148e-01
7.118320381113424355e-01
7.019799613943757954e-01
6.910980303697820126e-01
6.797553206049578023e-01
6.706402571544063385e-01
6.618475453206429382e-01
6.515784634401210473e-01
6.418862886330550799e-01
6.317554393780141497e-01
6.220394253614450752e-01
6.131471449967654808e-01
6.038927909044435882e-01
5.948560337458562719e-01
5.856948820955519830e-01
5.766516296624275562e-01
5.686137030086158006e-01
5.595365196430371890e-01
5.516386431221009801e-01
5.420484978572811530e-01
5.334414447318345243e-01
5.249936974077162866e-01
5.171226277706615360e-01
5.094314483640992597e-01
5.006488723741043811e-01
4.920504291822265786e-01
4.839011203583414855e-01
4.755776435601747898e-01
4.668209901552296537e-01
4.589402736082602852e-01
4.501450220556567627e-01
4.417885303406950404e-01
4.336987027610921808e-01
4.247984436491122340e-01
4.158274413971209671e-01
4.069493404826448613e-01
3.986181764489170054e-01
3.883949452446935346e-01
3.785530589439853322e-01
3.685086587557316329e-01
3.570866170358641400e-01
3.429205790318009539e-01
3.255233041825383311e-01
3.030835158885278879e-01
2.952811587360036974e-02
