4.418766420906611536e+00
3.363155234446621566e+00
3.129456300442718053e+00
2.929562978778855964e+00
2.742741660945968274e+00
2.566543406970952290e+00
2.374325783778470367e+00
2.231990402108938731e+00
2.112127173679018810e+00
2.001084336826634225e+00
1.912827604927071157e+00
1.823251093708750048e+00
1.760854230338949611e+00
1.698050906224747303e+00
1.640875079795187874e+00
1.584899497334300245e+00
1.539071781360432878e+00
1.494245766132006104e+00
1.452425472875055412e+00
1.411641773041155457e+00
1.375652707681041642e+00
1.340804923098710244e+00
1.307024802442740219e+00
1.275568847375439852e+00
1.244882428300067234e+00
1.214080287700641136e+00
1.187173582513587400e+00
1.159135775711217287e+00
1.133285374914964283e+00
1.110297640721116252e+00
1.088234115506564903e+00
1.066032497422854775e+00
1.047783027198886607e+00
1.026840407383800224e+00
1.005952772265277906e+00
9.894802991093744060e-01
9.697375482595862461e-01
9.519832401084440399e-01
9.343420262142886346e-01
9.187286855337226665e-01
9.025218227967412021e-01
8.862304181114035728e-01
8.708257805607901858e-01
8.547084819303292225e-01
8.411316754870175050e-01
8.264558393966281447e-01
8.129411436984703698e-01
7.993225645062972395e-01
7.865087732617341842e-01
7.729837525361140660e-01
7.606611447563316197e-01
7.478732051333263353e-01
7.357994079808224397e-01
7.230691262170849676e-01
7.115234521288175129e-01
6.990843530215452573e-01
6.875639435577527436e-01
6.765515796176034824e-01
6.649137632708052026e-01
6.546705673819672722e-01
6.436463699538350625e-01
6.328307505005138500e-01
6.220983729028438658e-01
6.127660379357819931e-01
6.018593628517358018e-01
5.910414003626152102e-01
5.810566316870821035e-01
5.712121970195436216e-01
5.611703874909403922e-01
5.523974441322115903e-01
5.426533836807528877e-01
5.335429229227802717e-01
5.241238309509812510e-01
5.153650068197069833e-01
5.059831454616853241e-01
4.969544930056253862e-01
4.890848576914234580e-01
4.803814270375156292e-01
4.707739887550729807e-01
4.622682865331216306e-01
4.520982119490967177e-01
4.434242925400770363e-01
4.352345846707086907e-01
4.265092032978801684e-01
4.175426912106615096e-01
4.094905271817754211e-01
4.006565478599000696e-01
3.921294814976414300e-01
3.837219811865391073e-01
3.754086102257246926e-01
3.671966452809106718e-01
3.570642149584943859e-01
3.469179128414033864e-01
3.371732609511072787e-01
3.269607468181713883e-01
3.155984848566144585e-01
3.026577364971865802e-01
2.840903258533205022e-01
2.562376388283524320e-01
2.841791436230860918e-02
