3.493912857149661377e+00
2.643743302836027542e+00
2.395908451935268690e+00
2.191000943507600773e+00
2.004710684719030578e+00
1.838463085199684377e+00
1.698236694807158331e+00
1.584134550247756845e+00
1.483154603275065098e+00
1.395991527228156004e+00
1.333801268453173039e+00
1.271369207951732694e+00
1.214068357851882718e+00
1.162971062784577292e+00
1.119796924227176804e+00
1.078325235248607905e+00
1.041238475823414111e+00
1.008776017431290528e+00
9.742321976172603204e-01
9.393727069488098103e-01
9.105545916957114017e-01
8.844267738561194525e-01
8.565105025051031884e-01
8.315380611288596402e-01
8.056560153082675813e-01
7.832422243931042027e-01
7.609409872264103480e-01
7.389631779010383816e-01
7.206129294919948469e-01
7.010823362604198250e-01
6.819332602506438246e-01
6.628565558357696341e-01
6.460630585607930465e-01
6.286577477163090011e-01
6.114194799334022878e-01
5.929309319904210174e-01
5.772370550325743865e-01
5.604857165228678273e-01
5.453583630280929295e-01
5.281001140571944807e-01
5.109775716735720508e-01
4.948366700725836953e-01
4.781706798342362230e-01
4.625859551954151772e-01
4.466892787211867999e-01
4.286619246998350508e-01
4.100724899717501648e-01
3.878166825891856684e-01
3.626609017155109083e-01
1.157498075882871513e-01
