3.091502057671126735e+00
2.377250576045504715e+00
2.171490567932262916e+00
2.000744119556928435e+00
1.847108461721950867e+00
1.708839102148477673e+00
1.590571195225275680e+00
1.495949345387870943e+00
1.410658930086621021e+00
1.338995603633042375e+00
1.286455345424253105e+00
1.233582793895241281e+00
1.184858320809454524e+00
1.143549712998294332e+00
1.106932759459620774e+00
1.073364068183461084e+00
1.040446756254070459e+00
1.012158095529719581e+00
9.850225803482244302e-01
9.555603477261322976e-01
9.321544133593140380e-01
9.085671821277563343e-01
8.852965538551454960e-01
8.649880285404896174e-01
8.438852722583720656e-01
8.240850501090496438e-01
8.047826649372999963e-01
7.868193569849042390e-01
7.709123778178194053e-01
7.555130695945011521e-01
7.382289408291697885e-01
7.212811755933060676e-01
7.066721771535425800e-01
6.919293320946156012e-01
6.764937426011796706e-01
6.609571012060994066e-01
6.475454038808413637e-01
6.333620608300803978e-01
6.187261095149976242e-01
6.042854928047740604e-01
5.898656510091234706e-01
5.748757443736958184e-01
5.602253023354690775e-01
5.459688730468076345e-01
5.306524804735566203e-01
5.150239729248631271e-01
4.972980812017018803e-01
4.779472020427069645e-01
4.508898293113363653e-01
1.257266171499391294e-01
