6.590621789265710184e+00
5.090203958302232934e+00
4.698648027666074256e+00
4.427726216724066077e+00
4.152755786603230526e+00
3.878913967596412160e+00
3.607985704551502248e+00
3.399518493024921817e+00
3.219931944857850503e+00
3.040914084397513761e+00
2.887272178837973602e+00
2.761757504079303871e+00
2.653895123166735814e+00
2.548260382736916796e+00
2.451856342808251821e+00
2.368143005006853929e+00
2.289671102340064657e+00
2.210751702749994774e+00
2.138310541903938766e+00
2.071670295912418691e+00
2.009705283045635227e+00
1.945897623598752180e+00
1.896435442132631932e+00
1.845014647654950268e+00
1.794330681463439880e+00
1.746355269450785119e+00
1.699378193647748114e+00
1.657817308453803928e+00
1.618337926480459821e+00
1.577971254237263476e+00
1.536716749082503997e+00
1.501484941536558537e+00
1.467136544215479788e+00
1.436916425258556007e+00
1.399153100797497329e+00
1.367766639263815032e+00
1.337491051589973612e+00
1.309447310345922988e+00
1.279391494566237242e+00
1.253345689788782691e+00
1.227426257420561218e+00
1.202078230478875964e+00
1.177914787810350639e+00
1.155513740497353892e+00
1.133443049711333916e+00
1.109793084988123901e+00
1.088884500061128691e+00
1.068278429564222698e+00
1.050297361757552839e+00
1.029743041812601234e+00
1.009829102223754882e+00
9.912079828746042098e-01
9.722611884029025431e-01
9.539352370823912519e-01
9.361516801660441089e-01
9.189034318215633101e-01
9.010516314624662515e-01
8.834711610687244754e-01
8.665214089278669984e-01
8.482303343084747205e-01
8.325626432306255653e-01
8.153176742936634191e-01
7.988947625508994177e-01
7.822432241888376270e-01
7.680887752521177170e-01
7.530555616720002732e-01
7.369195042305726195e-01
7.209481698963260410e-01
7.066150402212986181e-01
6.922196558746985806e-01
6.765692522346291593e-01
6.628282328925619860e-01
6.509736804734440607e-01
6.357019417493359192e-01
6.226881422978576275e-01
6.090832178565772637e-01
5.963690065546591867e-01
5.842832475018124860e-01
5.716075259242709983e-01
5.605091205055926507e-01
5.475767932050054076e-01
5.352614820222827419e-01
5.238320149355861766e-01
5.120855900198696409e-01
5.016518524874209461e-01
4.902006246291286118e-01
4.792293309443613758e-01
4.693005775439516025e-01
4.579483223950095994e-01
4.473458066723437487e-01
4.366903673476461578e-01
4.263506101627348999e-01
4.169743424625647066e-01
4.065808651437434196e-01
3.976182715535609424e-01
3.883468448330218981e-01
3.790901599711873349e-01
3.694300913549617427e-01
3.605565163863556633e-01
3.511092201836846782e-01
3.430171131522902206e-01
3.352464634586210801e-01
3.264903100322241736e-01
3.181223825519626791e-01
3.097908829835960276e-01
3.018461124626864445e-01
2.935237824323448930e-01
2.860310816973987702e-01
2.784616791926760593e-01
2.705755234097846351e-01
2.636195533840945404e-01
2.564279151979551585e-01
2.490873272790695148e-01
2.426393069290603277e-01
2.353544949304640088e-01
2.286547562665917632e-01
2.213655416938601350e-01
2.149365655720411605e-01
2.089007459707963588e-01
2.021118367900834045e-01
1.957625471400957495e-01
1.887884688933359756e-01
1.826201015681053197e-01
1.756976146565263353e-01
1.702089807534533650e-01
1.634599335747344284e-01
1.577708926736430539e-01
1.513277443724004578e-01
1.458853336110389198e-01
1.408617177855963909e-01
1.351483898269567330e-01
1.288744229748108872e-01
1.236074119305570901e-01
1.183020387000095625e-01
1.129985506632105452e-01
1.073558157269787067e-01
1.018878332545262860e-01
9.605278921461848918e-02
9.016893880036513931e-02
8.494350596737765269e-02
7.941041085764589946e-02
7.345933773414009549e-02
6.766964916751887216e-02
6.144695933258130516e-02
5.426755426321561854e-02
4.757623121312588160e-02
3.977027282256546253e-02
3.053153292818229503e-02
1.724883197957969433e-02
2.197376985641928768e-03
