4.038804982318428216e+00
3.097230767193567491e+00
2.889700004269451838e+00
2.711168463630083902e+00
2.546666255839150406e+00
2.392031780008450514e+00
2.220781748652953524e+00
2.097028341521860018e+00
1.987709354428745634e+00
1.891031699553839207e+00
1.813251001689279551e+00
1.735549117622968263e+00
1.677826098505450725e+00
1.622717470626142466e+00
1.572650510747428898e+00
1.522252932507089263e+00
1.481850225847021640e+00
1.441957030303948173e+00
1.404751623320697362e+00
1.369442884210892775e+00
1.336897695104867889e+00
1.307327115433150500e+00
1.279262949442310893e+00
1.250312711811913058e+00
1.223954722501997994e+00
1.195266372055952431e+00
1.171484625389254797e+00
1.147020403984392312e+00
1.123864961213430602e+00
1.104303983733916805e+00
1.084334292268515521e+00
1.065392503791332324e+00
1.047864238291917882e+00
1.028971679770408043e+00
1.012343607202049078e+00
9.956462858833997620e-01
9.772586064091873803e-01
9.624664566892831008e-01
9.479173073129030236e-01
9.341081839103140272e-01
9.186036820727828678e-01
9.050273706268192608e-01
8.913169790020032401e-01
8.768320200542814025e-01
8.651922991623877124e-01
8.521187212192771199e-01
8.402498127455930721e-01
8.280901361655415016e-01
8.164930209299916530e-01
8.049156943245884266e-01
7.932365332022912607e-01
7.818477574829545418e-01
7.699233997457060052e-01
7.590610418039355212e-01
7.488859409791328581e-01
7.382533078128240556e-01
7.275519551618814251e-01
7.172498994587861443e-01
7.067237841323497083e-01
6.973457911718787816e-01
6.869018932017584289e-01
6.776427498885992939e-01
6.679549492262204513e-01
6.585611400697327644e-01
6.492962621879541096e-01
6.397593240555606853e-01
6.309141697136108062e-01
6.213446663196304787e-01
6.136317846084430316e-01
6.041537210396605850e-01
5.955296539177927784e-01
5.868428742422014954e-01
5.780143814538394320e-01
5.695317599608893389e-01
5.603730559865326422e-01
5.530022045878247861e-01
5.446506213722561718e-01
5.364746083562781376e-01
5.279620115138520253e-01
5.196241025527637003e-01
5.112655828292076432e-01
5.025096246102979114e-01
4.941960464954925913e-01
4.861119438043484120e-01
4.778208741915471180e-01
4.694502851935098975e-01
4.611144873172912106e-01
4.531638015012521836e-01
4.448117418553879099e-01
4.371506015082300411e-01
4.287902227560021484e-01
4.194884635577502685e-01
4.105660021490721845e-01
4.004966607391983180e-01
3.896499085048642508e-01
3.781389587243928485e-01
3.658841355263987571e-01
3.487892772989162338e-01
3.213394168770749015e-01
2.777588805140368197e-02
