2.545045877962893499e+00
2.015349301958220707e+00
1.867139278745324260e+00
1.742471981690171923e+00
1.628480229956258851e+00
1.527867453906936568e+00
1.439693281051094509e+00
1.371337832931414091e+00
1.307813094101894169e+00
1.255602292463767311e+00
1.216383971686595844e+00
1.176896196383059312e+00
1.141451675692295220e+00
1.111753537871638997e+00
1.084412503440002951e+00
1.060466490541113860e+00
1.035988928248288365e+00
1.014972166049897817e+00
9.947875740451925797e-01
9.743346934413038563e-01
9.562374952137498996e-01
9.395588222010217150e-01
9.221817203030654442e-01
9.069920158053705883e-01
8.922370635459945243e-01
8.782820843424510304e-01
8.630978421641484211e-01
8.503000852569145840e-01
8.376617201161038473e-01
8.264733115571309963e-01
8.144535135892509992e-01
8.010708632898224657e-01
7.905015996542325007e-01
7.787098364455805610e-01
7.673376944810894607e-01
7.554936924901496376e-01
7.457491144632021340e-01
7.338962741809045287e-01
7.225982217734302493e-01
7.122173918713977647e-01
7.008559103551051939e-01
6.888766446279350752e-01
6.774357306931032552e-01
6.659069618274030544e-01
6.530212509070264515e-01
6.408753741282440242e-01
6.263721996971169936e-01
6.098271514442618058e-01
5.864159334427010428e-01
1.431141179647273942e-01
