2.911249660938572070e+00
2.258607052029440343e+00
2.072090193859316365e+00
1.915983424308776550e+00
1.774933542673335474e+00
1.648953200314981826e+00
1.540821919366729631e+00
1.455836539557710640e+00
1.378065627018994599e+00
1.311807395226282758e+00
1.263347805760533404e+00
1.215466334621156053e+00
1.171557683931876648e+00
1.134001564656617056e+00
1.099780494205070180e+00
1.070165866430628610e+00
1.039766821979904998e+00
1.013227189755831370e+00
9.882013117360703980e-01
9.619294330912084856e-01
9.402770146713986810e-01
9.186601036298804868e-01
8.976093710256078939e-01
8.786277445067262049e-01
8.596794434733735502e-01
8.415921053055863688e-01
8.238368193572989107e-01
8.082338044023668067e-01
7.931847288375953875e-01
7.787328865251810228e-01
7.633506151758834291e-01
7.476503466674317977e-01
7.339239427744285171e-01
7.200453316668287140e-01
7.058291672705536701e-01
6.921007242888214117e-01
6.799709484306191154e-01
6.657643878158743256e-01
6.525930560880446318e-01
6.395211074171625043e-01
6.250686507844388506e-01
6.113928328041597915e-01
5.978051971038602641e-01
5.845362843341883607e-01
5.700490179767108145e-01
5.548179176112132405e-01
5.385217722593123035e-01
5.200029276743545203e-01
4.944750710883745737e-01
1.363536175696828112e-01
