4.388622541583888648e+00
3.439671871206209097e+00
3.212476002208944248e+00
3.053799971169643968e+00
2.886131655771929871e+00
2.724906659147622978e+00
2.559874580810737932e+00
2.433870022072247341e+00
2.330617826656684155e+00
2.225491869606566198e+00
2.136303191650283484e+00
2.064827236400370580e+00
2.000965845105983743e+00
1.936073965187713686e+00
1.880962891985465069e+00
1.832728094069041136e+00
1.788204940711177970e+00
1.743957410346585579e+00
1.704304466279858099e+00
1.663968329088908904e+00
1.627169669124044482e+00
1.590853656401816529e+00
1.559539550978988220e+00
1.530553772654606348e+00
1.499211783745328042e+00
1.473481621612321213e+00
1.447356933861927430e+00
1.421704802627300257e+00
1.399233814815932453e+00
1.375754354321247153e+00
1.352778118853876776e+00
1.330727271597447414e+00
1.312262265429239738e+00
1.292912042387659888e+00
1.272125188942788476e+00
1.253329967501142228e+00
1.235697900071509370e+00
1.219305628651619955e+00
1.201346482347505296e+00
1.186153265991616967e+00
1.170774853688331785e+00
1.155406102159896253e+00
1.142719113440748169e+00
1.129457114396037243e+00
1.115319796578093658e+00
1.101295408849792157e+00
1.090295943068838147e+00
1.078990095871371624e+00
1.067826435804440699e+00
1.056869969143291677e+00
1.045567340752062480e+00
1.034896103721886451e+00
1.024482828188586270e+00
1.013328887735602368e+00
1.003437559287209346e+00
9.950641557165397222e-01
9.844525250160384156e-01
9.736911870725846185e-01
9.648644768482682599e-01
9.550425933371669007e-01
9.453099709430341502e-01
9.348392632024783433e-01
9.250492850994963545e-01
9.149435300933217441e-01
9.060379316519785453e-01
8.969052424687253833e-01
8.883009325272381851e-01
8.785114346993994072e-01
8.695308054612622684e-01
8.600082396688020214e-01
8.505751984349145811e-01
8.421164426858476215e-01
8.330058415265326754e-01
8.239046948867292386e-01
8.154222910125296098e-01
8.071114547624853586e-01
7.976285965591266569e-01
7.888719963570751670e-01
7.807896672210634659e-01
7.730332072369983099e-01
7.637902984738778045e-01
7.562008058725651072e-01
7.478975574385738900e-01
7.398586722515080316e-01
7.317139946274524576e-01
7.241202515815661211e-01
7.157927129983794323e-01
7.083283341639906583e-01
7.011559334375987440e-01
6.937258163706419012e-01
6.861080928123318712e-01
6.784101381392458885e-01
6.705045886172168457e-01
6.631068623854831090e-01
6.552116739369460152e-01
6.480732295878776084e-01
6.414168321155071517e-01
6.347728802747850674e-01
6.277808630525176792e-01
6.212389120708148305e-01
6.133666494292320248e-01
6.071011765563337770e-01
5.991993962987617328e-01
5.927323669005536422e-01
5.864167891305812619e-01
5.798028258415462988e-01
5.735596379001054457e-01
5.669739790130788881e-01
5.603380155417603259e-01
5.543826955042824300e-01
5.479647910279440426e-01
5.417824996821399841e-01
5.354013708968752283e-01
5.294139966992640334e-01
5.226578236077151773e-01
5.157161398946558117e-01
5.097728477767730082e-01
5.030635848266185040e-01
4.969054435929661784e-01
4.906701241376247857e-01
4.845850641503908207e-01
4.778413645036523882e-01
4.717668160757659823e-01
4.659125437995083052e-01
4.593584234274914468e-01
4.531166686326306148e-01
4.473590042325612526e-01
4.416613927837625408e-01
4.358230381448239266e-01
4.292950818613616160e-01
4.230097550434848142e-01
4.167952510346195072e-01
4.104965220865212649e-01
4.043408760090905218e-01
3.985095568820590239e-01
3.912911910175733143e-01
3.850863113862578735e-01
3.776314925778185283e-01
3.710529092319849731e-01
3.635627189122799252e-01
3.552721756608528958e-01
3.480489201725580073e-01
3.398054529434741400e-01
3.308905332392790832e-01
3.217428775937712926e-01
3.103571729526726219e-01
2.956002119426492936e-01
2.766930142952035432e-01
2.421010894369527433e-01
9.625985347628047972e-03
