3.345762721684296448e+00
2.545699640097117467e+00
2.312889474590937855e+00
2.121264386893827680e+00
1.945426754713140305e+00
1.790680161242511614e+00
1.658588520603347050e+00
1.552111595746862971e+00
1.456527889719581692e+00
1.375723071676434817e+00
1.316426107472075557e+00
1.258031760638919749e+00
1.203907466295289330e+00
1.156199581889756134e+00
1.115571492808827614e+00
1.077311022270067475e+00
1.041064757824443854e+00
1.008611361570070253e+00
9.785070908350047558e-01
9.446939730613711506e-01
9.185387758858492013e-01
8.933812964819193292e-01
8.668730867277679719e-01
8.439660628220816418e-01
8.200367229550450388e-01
7.990005835936681011e-01
7.769076995764376825e-01
7.575521751628333522e-01
7.407087396775083876e-01
7.221404321004634141e-01
7.030987975171595350e-01
6.841315469392048598e-01
6.674681443968677463e-01
6.521072172991186910e-01
6.348291470286986371e-01
6.175562902186927383e-01
6.039310868094726059e-01
5.878663607435278271e-01
5.721113292598635214e-01
5.560710026298426589e-01
5.391165295557515114e-01
5.230471863818406675e-01
5.082343963214603910e-01
4.930784237518778257e-01
4.770018260925680820e-01
4.605402141583476716e-01
4.410267402551548144e-01
4.203903445971321484e-01
3.921499835769898801e-01
1.221390258489646885e-01
