3.011368610598955886e+00
2.424522839178507638e+00
2.295259005944409569e+00
2.202323580804164127e+00
2.098211074246246532e+00
2.001586948167074720e+00
1.903291667957668132e+00
1.827711379416159909e+00
1.765107619607142908e+00
1.703446964717531875e+00
1.652879015059828260e+00
1.611258791323348261e+00
1.573238592558817261e+00
1.535937697202517160e+00
1.504392370015095848e+00
1.478626111444618418e+00
1.451628310220096418e+00
1.425943316685216233e+00
1.403547305315831384e+00
1.380998881914701437e+00
1.359918697426317991e+00
1.339715550476956230e+00
1.322135677894279437e+00
1.305480655815187463e+00
1.287282729501384893e+00
1.272855722589999017e+00
1.257754331170704010e+00
1.242490423783940923e+00
1.229829626392370256e+00
1.217469777981582402e+00
1.204240423097874935e+00
1.192087882772663088e+00
1.182526964614501352e+00
1.171488813392245643e+00
1.159578938056934128e+00
1.148693367813891308e+00
1.138700280867543269e+00
1.129464879511355102e+00
1.120084456595217048e+00
1.112312442435620996e+00
1.103245137217029326e+00
1.094924195493247376e+00
1.087262022951040796e+00
1.079772085389824499e+00
1.071697766548813435e+00
1.064684280728198873e+00
1.058049887273079692e+00
1.052140852849071218e+00
1.046130573402246799e+00
1.039707869116626604e+00
1.033798645293917851e+00
1.027874098961012894e+00
1.021825727891332525e+00
1.016713614205605687e+00
1.011184279910371409e+00
1.006009344894862823e+00
1.000764122377847620e+00
9.953161092111105779e-01
9.902507182249883355e-01
9.847181584295211509e-01
9.791512184637906069e-01
9.740832513494074307e-01
9.687623510013900763e-01
9.636482035602311758e-01
9.585134962387185098e-01
9.537060769018171902e-01
9.483291569390159825e-01
9.431520696170256901e-01
9.386257106349696899e-01
9.335476428199183108e-01
9.283438357716780054e-01
9.232964930970468664e-01
9.180502995891381968e-01
9.131395199529325213e-01
9.079349686836796218e-01
9.028587688313050030e-01
8.977141542064134283e-01
8.927256392489720804e-01
8.885463790379600768e-01
8.834238775493605811e-01
8.785369309072379451e-01
8.739744620141103315e-01
8.688769077578020195e-01
8.644498971868727066e-01
8.592682375249478532e-01
8.547952978110048283e-01
8.499653538920377560e-01
8.450937817399171159e-01
8.404370132734650944e-01
8.360569736475068625e-01
8.312051625084658779e-01
8.266603953290837525e-01
8.225629406603044425e-01
8.178401269283307462e-01
8.133799959006984270e-01
8.089310136811023177e-01
8.045481795190808638e-01
7.998042680244433766e-01
7.956357435388399235e-01
7.912205217080645614e-01
7.866250494673817650e-01
7.822924507249541248e-01
7.776940181987889167e-01
7.731988646842420376e-01
7.691004050885428267e-01
7.644349880383799478e-01
7.600521238486614983e-01
7.560506963502876543e-01
7.520589967526950526e-01
7.478061151431277809e-01
7.432874268036456789e-01
7.392759583276381496e-01
7.349215257508729948e-01
7.305750110237483330e-01
7.264862973598941176e-01
7.222430182313714919e-01
7.181066151845246770e-01
7.133435429776201486e-01
7.089844867275538753e-01
7.049210529952516513e-01
7.008104536651837968e-01
6.962331159695896998e-01
6.920789001718710143e-01
6.878018896523734327e-01
6.831303029865624099e-01
6.788478110273454824e-01
6.746630109134111875e-01
6.704949923557577129e-01
6.663529819242968166e-01
6.615447172169325318e-01
6.570051352313643900e-01
6.525812281190371822e-01
6.477692514074233632e-01
6.431297076577401350e-01
6.383143696323297922e-01
6.341151119025866256e-01
6.290948343036029122e-01
6.237978353766905348e-01
6.183729661488782670e-01
6.127698710570169682e-01
6.067929274200265510e-01
6.005811344527611784e-01
5.949761456463771303e-01
5.888165188505716241e-01
5.821731367223573761e-01
5.738759419212881019e-01
5.636754209170860008e-01
5.475404863881628836e-01
5.237771671988921129e-01
5.166458096948082016e-03
