8.405227964657903783e+00
6.435904776487538115e+00
5.905310982308510148e+00
5.527228031814630960e+00
5.169555883965944787e+00
4.798029978612809998e+00
4.435911602984919710e+00
4.155514482717530100e+00
3.897019387845040317e+00
3.647687985056848436e+00
3.450047905142929583e+00
3.272220699293864055e+00
3.131368976034329066e+00
2.988058260065341809e+00
2.854399316973464273e+00
2.742628475351689854e+00
2.636940135379252315e+00
2.532792156910978143e+00
2.424435987172631091e+00
2.333479736748045763e+00
2.261572288887810256e+00
2.178320839616720406e+00
2.109634122316324856e+00
2.033952426781952205e+00
1.965766728823963971e+00
1.906586504278670269e+00
1.846829716984701220e+00
1.791653069781302454e+00
1.734292679682091221e+00
1.682003523026121661e+00
1.631462037043307056e+00
1.582147750610428449e+00
1.533486992878789756e+00
1.490370155579051836e+00
1.443421629225715375e+00
1.401628160062402317e+00
1.363347032137447457e+00
1.325022284681129481e+00
1.287894265544246020e+00
1.250585297783975758e+00
1.216709587322098329e+00
1.184936694630307041e+00
1.154095719421404098e+00
1.124894034440046431e+00
1.093959623509241030e+00
1.061341208299797501e+00
1.034088822859947854e+00
1.006223566593614560e+00
9.800428870016386629e-01
9.531240261744576836e-01
9.273831122599918153e-01
8.985506520661374896e-01
8.720757008566960566e-01
8.481701551711231524e-01
8.239247449958214675e-01
8.011208049817670762e-01
7.786269031440382626e-01
7.563043413454194619e-01
7.343506517443580961e-01
7.120157415946910540e-01
6.898382199127393033e-01
6.692690133000254171e-01
6.464627345298294969e-01
6.274337043385099788e-01
6.077011427083097717e-01
5.870032961750855094e-01
5.675302975488561996e-01
5.484625631002899571e-01
5.296306913907914415e-01
5.121643685440964155e-01
4.944775692438765913e-01
4.765570561411335837e-01
4.602163683515304027e-01
4.432315437025551308e-01
4.291177989200361531e-01
4.114686416943559299e-01
3.970525179496743884e-01
3.818870286634375999e-01
3.679210894704669221e-01
3.525252711063774358e-01
3.380051688814055821e-01
3.252544274884982545e-01
3.118184957624071663e-01
2.991738545981488251e-01
2.868763154532040227e-01
2.737735220906618583e-01
2.622830862662903217e-01
2.506786315536753684e-01
2.395496369772814049e-01
2.289550665891149639e-01
2.187803008010857364e-01
2.088960919981804054e-01
1.989510038940267567e-01
1.905123188549093793e-01
1.804823853449389892e-01
1.721658682879800006e-01
1.638415877987679514e-01
1.547316986931570049e-01
1.467193107373791217e-01
1.386787624079365011e-01
1.314497486923433545e-01
1.244023872746772008e-01
1.166390004813029069e-01
1.096423989096136226e-01
1.036602412253687794e-01
9.663039474084461622e-02
9.080928200100758796e-02
8.511214928217211706e-02
7.957577642999408285e-02
7.376319359637857620e-02
6.835208811814022511e-02
6.332567565249005992e-02
5.859390017424992436e-02
5.393570911764127007e-02
4.931719562268321866e-02
4.527081606617754800e-02
4.150166834712689518e-02
3.786924716779910965e-02
3.409951159192905340e-02
3.081117045764092052e-02
2.733891920550349589e-02
2.428791975858133473e-02
2.151968260676652769e-02
1.892420514709326415e-02
1.655300022751107075e-02
1.440504751283148976e-02
1.240853625189247862e-02
1.048753390273520630e-02
9.067758516194908414e-03
7.587689479175345995e-03
6.262184896328610792e-03
5.107268363863833038e-03
4.142559500885371893e-03
3.273767658474180040e-03
2.513350631237973483e-03
1.859441279424325563e-03
1.367251035377108244e-03
9.288254230516451325e-04
6.100636050372777557e-04
4.028487440766669015e-04
2.504804745594389195e-04
1.304494874941069962e-04
5.200040832325270891e-05
4.681347784846799896e-15
1.773958733883147067e-15
5.671749406579933207e-16
-1.745280368249478173e-16
-9.996292643122554522e-16
-2.499949095992949567e-15
-5.921010900088317890e-15
