3.604518943628495009e+00
2.810544772541139658e+00
2.638213162093115738e+00
2.479680130065262222e+00
2.343952767089675593e+00
2.201209963346017595e+00
2.053372016376878051e+00
1.954338027321053328e+00
1.850569840085879880e+00
1.768322026057474350e+00
1.699075634821015424e+00
1.640847722491363347e+00
1.592222811181731368e+00
1.541358875152114338e+00
1.497657104955969487e+00
1.457837721019632715e+00
1.417797867152188473e+00
1.383439702591154896e+00
1.353106609086601964e+00
1.320888057074859567e+00
1.294177106079962947e+00
1.267625416971952301e+00
1.239843435612327793e+00
1.213444486566684688e+00
1.191363215115265772e+00
1.170812750841558447e+00
1.149061218277339647e+00
1.130819711546831474e+00
1.112366549715342323e+00
1.094466343841507872e+00
1.077102056743516112e+00
1.062283690304706818e+00
1.045237124131863204e+00
1.029593835898618748e+00
1.015646949999571502e+00
1.001020504827479174e+00
9.883435895100959323e-01
9.731674249294200996e-01
9.604439164355526026e-01
9.485776611362135569e-01
9.355110934034671644e-01
9.243683771095873025e-01
9.123499720082247633e-01
9.003613373171890366e-01
8.887517580271426798e-01
8.777635296541703713e-01
8.668515551628225291e-01
8.562612141754651907e-01
8.457749194125816494e-01
8.347400424039487232e-01
8.244434147898119791e-01
8.146650334756195821e-01
8.050857244378677446e-01
7.954404963601808820e-01
7.863394586848894141e-01
7.774446297297368247e-01
7.684872330369623139e-01
7.593623932521570419e-01
7.501153967016762625e-01
7.413228813363004210e-01
7.325848631090617902e-01
7.253589654475232074e-01
7.167630603418616575e-01
7.083431383194414011e-01
7.003020112711739742e-01
6.920073965766992963e-01
6.835512635336846721e-01
6.752496670559970937e-01
6.667849105064608262e-01
6.596330159472110211e-01
6.516004787539462217e-01
6.443485044288864705e-01
6.368062009336189488e-01
6.291896946923537515e-01
6.219147888147611436e-01
6.147437409302594080e-01
6.070467036063295074e-01
5.998035809849894262e-01
5.924498155973124680e-01
5.848211557469377153e-01
5.774269835020952035e-01
5.701541813294904726e-01
5.630328976432018573e-01
5.557639485187813033e-01
5.485173420894500218e-01
5.404444395689236291e-01
5.326830197108171072e-01
5.249035674105224647e-01
5.176415493930071055e-01
5.095451248767699504e-01
5.005912381869414007e-01
4.930118127507677750e-01
4.847124986404680591e-01
4.758716266168997455e-01
4.647525003925218612e-01
4.545318119678585789e-01
4.413570114176599835e-01
4.261381390169950989e-01
4.049646567863121605e-01
3.086149048475522044e-02
