4.742354054695613996e+00
3.591657277269213022e+00
3.331586356771520485e+00
3.112126208814249839e+00
2.907854185588346851e+00
2.714669548715987535e+00
2.502198842135950230e+00
2.347834099580981881e+00
2.216481729737552087e+00
2.095639271645232338e+00
1.996541016699833415e+00
1.898292201769666621e+00
1.826704515672527895e+00
1.759085336754264706e+00
1.697053840188460505e+00
1.636830130049797605e+00
1.585690812724789733e+00
1.537356071406799085e+00
1.492868694977985911e+00
1.445539360345794000e+00
1.406109900345314356e+00
1.366012695980126868e+00
1.332307811469032988e+00
1.296204315633329385e+00
1.261288549369962153e+00
1.228743208858171787e+00
1.198951166500910492e+00
1.168571078256197548e+00
1.141331415685824968e+00
1.115377478630366292e+00
1.089490450087244211e+00
1.065841469293346000e+00
1.044855175528879521e+00
1.022546545534625206e+00
1.001173547563799726e+00
9.808309913937950375e-01
9.574107629390653518e-01
9.386586232808776797e-01
9.205593300722935135e-01
9.032471677187396963e-01
8.853675521961864581e-01
8.685128944750222235e-01
8.500666818582166551e-01
8.344486721309456456e-01
8.201262946214196159e-01
8.037505321767173250e-01
7.887304249678832591e-01
7.741957956126972462e-01
7.596808947739515094e-01
7.457645180988788924e-01
7.317224927252765632e-01
7.172046285156439271e-01
7.035286559957669716e-01
6.913168201717857508e-01
6.787613109869600203e-01
6.662029744701817302e-01
6.533535438218754932e-01
6.411081410660913749e-01
6.289936061438923254e-01
6.175186333934629124e-01
6.053170699733187998e-01
5.945647494396806287e-01
5.841069736820688751e-01
5.723438917423671057e-01
5.611687461185671522e-01
5.506971651106060683e-01
5.405464044822770875e-01
5.305703365781239134e-01
5.202384368559912486e-01
5.101605643582090011e-01
4.995292394218360243e-01
4.900455219422312769e-01
4.805915357244985864e-01
4.714613091720804006e-01
4.616008247433702194e-01
4.525797243652175395e-01
4.429743231670134063e-01
4.329138404918025373e-01
4.241193300893610352e-01
4.145785433647702911e-01
4.051548722701914240e-01
3.969466181077238032e-01
3.877904852156038862e-01
3.796108858412906017e-01
3.697666782147429609e-01
3.605137200443844225e-01
3.519700495038374788e-01
3.434465107452111532e-01
3.348700192041850210e-01
3.258229117481990511e-01
3.173861700598417657e-01
3.078404147511792921e-01
2.982923910359446262e-01
2.880032191312951184e-01
2.763786150176905099e-01
2.643340908486566665e-01
2.509679552547905979e-01
2.345938786810378984e-01
2.058208139304453232e-01
2.215086168101382605e-02
