3.736635628400009762e-02
4.806036829469802901e-02
5.193693127138139520e-02
6.517962913865145425e-02
6.552462387779778297e-02
7.065658926568681164e-02
7.266021427095574470e-02
8.840707976865649909e-02
9.061919683904642864e-02
9.479695806475449404e-02
1.028157786250783329e-01
1.085258143158412542e-01
1.135222565662076938e-01
1.139931065227552665e-01
1.274249954141620789e-01
1.411208826343657019e-01
1.452320685657635668e-01
1.455473207027824512e-01
1.538158956051090542e-01
1.643721569509304647e-01
1.714602002150532045e-01
1.732533364529065256e-01
1.779569032529808859e-01
1.892550740106920260e-01
2.007617151560246727e-01
2.009386175432810451e-01
2.134243175087237876e-01
2.157710686818322954e-01
2.185526427172674313e-01
2.321779379652482156e-01
2.445630724054280725e-01
2.500597925370209862e-01
2.604811709282358612e-01
2.684611872426486134e-01
2.897841184790895808e-01
2.972541800927107070e-01
3.019713553623902258e-01
3.139084720751273982e-01
3.202967601241624718e-01
3.400645858731149995e-01
3.465820617824070249e-01
3.571023623612868403e-01
3.619110669275734660e-01
3.777644692243350977e-01
3.868666523701874693e-01
3.947551704240941928e-01
3.979452731040372671e-01
4.279528180772477763e-01
4.505980883301953233e-01
4.699589206514139250e-01
4.743534961825214280e-01
4.850495248918218483e-01
4.890452634212156813e-01
5.011386708737384232e-01
5.172396467451925162e-01
5.330048910415632335e-01
5.533988462940141462e-01
5.691823914772679016e-01
5.735828170718469954e-01
6.075863111836510289e-01
6.124659655334172559e-01
6.459621877636592124e-01
6.616391925783944306e-01
6.937804805042954159e-01
7.042217895568718689e-01
7.168634747003836960e-01
7.357079934227028772e-01
7.586681905864927078e-01
7.984095964289610325e-01
8.175107627187233605e-01
8.328893619029387185e-01
8.626874463157777617e-01
9.239494653258063517e-01
9.351079887839922611e-01
9.766255350601581453e-01
1.001289867424596691e+00
1.017005515317897402e+00
1.064153238058259676e+00
1.110326180780770056e+00
1.132094932627529582e+00
1.191605035986755379e+00
1.223280211215826307e+00
1.237222597920861755e+00
1.322129067085387577e+00
1.408786128433976659e+00
1.519778901847997687e+00
1.576200478719218090e+00
1.618948451957959112e+00
1.713919802386365543e+00
1.818335011736561979e+00
2.020469462504192126e+00
2.079017873602119870e+00
2.498756941936438380e+00
3.096083640350436372e+00
3.172455932572149528e+00
3.617094898580750950e+00
4.703625952583710301e+00
5.794072866603235283e+00
1.228736085260856115e+01
1.294250325193766571e+01
3.391015729657623906e-02
4.960033684983050639e-02
5.388159789979863473e-02
5.879643194521835814e-02
6.201387700676132264e-02
6.845878111867070848e-02
7.115534607740314765e-02
7.952289844629499560e-02
8.667702067645297048e-02
9.423830874504461608e-02
9.977030363797149970e-02
1.025207220094261629e-01
1.080332602406803288e-01
1.129480727895999514e-01
1.269870341403428471e-01
1.330964907997171376e-01
1.373100186749390550e-01
1.464940464768642314e-01
1.510462776286641273e-01
1.595567546263085279e-01
1.643771317679871280e-01
1.672145744238790477e-01
1.812528166683403386e-01
1.828489103910727887e-01
1.892144670170595178e-01
1.934660320525488642e-01
2.013763420127756276e-01
2.142061331092378063e-01
2.198384018680763219e-01
2.404597140399281907e-01
2.480996691154980227e-01
2.557974034221469628e-01
2.570364097789130664e-01
2.726915914917750761e-01
2.793555540125727266e-01
2.907905773011237871e-01
2.979622175336084089e-01
3.162590062931370793e-01
3.249096531774158803e-01
3.334831590199681117e-01
3.449875579201857057e-01
3.509060226469940535e-01
3.706750329557285673e-01
3.792574119635909180e-01
3.908814565580957523e-01
3.972806617298119680e-01
4.072130409786428040e-01
4.160081940315253357e-01
4.390383876471664060e-01
4.433249976310524310e-01
4.499329744204875192e-01
4.609869984464959325e-01
4.800362967534481662e-01
4.900632653216987489e-01
5.112724583428917002e-01
5.313611106209339408e-01
5.455814821480222676e-01
5.540055672663347641e-01
5.702422950045021866e-01
5.828298363213888500e-01
6.150012359084644498e-01
6.190227724776595775e-01
6.481936746312048081e-01
6.763586817673761242e-01
7.009168079155818631e-01
7.249464860759198270e-01
7.553703509697435869e-01
7.857743551676467098e-01
7.963022544494042787e-01
8.030724221501228666e-01
8.377957433281080224e-01
8.541480158338496942e-01
8.833308438720207656e-01
9.194092192443090727e-01
9.650224532659562593e-01
9.827941952913120671e-01
1.027313284856187892e+00
1.067492512429694118e+00
1.086618215171314406e+00
1.114003590937163057e+00
1.192119265257142402e+00
1.228851913183343525e+00
1.295745441212720950e+00
1.336348243196318508e+00
1.376756462105273249e+00
1.420741115024804824e+00
1.552949552918307496e+00
1.597333949746884585e+00
1.746782516744633140e+00
1.868965881213244806e+00
1.965476460861428354e+00
2.076985193429268683e+00
2.426817438208611399e+00
2.875472107227051488e+00
3.147514432872199563e+00
3.881273932615958877e+00
4.702644816902866509e+00
5.929591348222354341e+00
1.227034111975187436e+01
1.336185914327006508e+01
3.429094893952922690e-02
5.235722773066343871e-02
5.438713469586980293e-02
5.901615466367366586e-02
6.602856766032683122e-02
7.276177655786129905e-02
7.731542253090521732e-02
8.367568308295127155e-02
9.031560243313807579e-02
9.461789522670072117e-02
9.856762545631828076e-02
1.016762287994076031e-01
1.100712631779206391e-01
1.134341250539038504e-01
1.161777690259942208e-01
1.204132276818619812e-01
1.251834722552840340e-01
1.344982665172639591e-01
1.380779593292750240e-01
1.515338831614821691e-01
1.584459288509585395e-01
1.603803684402372309e-01
1.646602680761396209e-01
1.740221704290490223e-01
1.844310447737637915e-01
1.904505784135990532e-01
1.958275699091266142e-01
2.099010463488670819e-01
2.126048009524145188e-01
2.312972933194932801e-01
2.399270287525478995e-01
2.497340056154842558e-01
2.567502420497684845e-01
2.706200573916838215e-01
2.824339976016546072e-01
2.918111221532613264e-01
2.954522134013959911e-01
3.014440081231531399e-01
3.065667187897395118e-01
3.375074205319731901e-01
3.453590843870150695e-01
3.524283097104559115e-01
3.657300933310984603e-01
3.751303038194125361e-01
3.908804687965719560e-01
3.957878395688269046e-01
4.196408508415763738e-01
4.240059547819157726e-01
4.335634181306872725e-01
4.412559544819927848e-01
4.600059555060216354e-01
4.784760767769474787e-01
4.917109539779961347e-01
5.080245749769433106e-01
5.259089876938550789e-01
5.378006427051968963e-01
5.541285757004672519e-01
5.633969347401899253e-01
6.000282395627676291e-01
6.058616446623598106e-01
6.143209342074548163e-01
6.218186109255281480e-01
6.673847170124663775e-01
6.870195262926349633e-01
7.024970894836150004e-01
7.263464425535994806e-01
7.502618376724509153e-01
7.792116853469550630e-01
8.006614339192171803e-01
8.162937359232951273e-01
8.178925668565166784e-01
8.528268124586491084e-01
8.782674096211294801e-01
9.247390041492254964e-01
9.641457622532808580e-01
1.011011346235053399e+00
1.019880796119607691e+00
1.046649941185591626e+00
1.055358760746874403e+00
1.108385251644457226e+00
1.150437956992691468e+00
1.185771043439060035e+00
1.237572711771617096e+00
1.298817302540267171e+00
1.327999261942283349e+00
1.400649669608754255e+00
1.438543787829494214e+00
1.607694713994096469e+00
1.672664746285482007e+00
1.719875562871341579e+00
2.044930222696921707e+00
2.208201258036973869e+00
2.423081911936549204e+00
2.878375410314043314e+00
3.577644809803737225e+00
3.804211278710292188e+00
4.468824957165665523e+00
6.093878914219931886e+00
1.259131469805146786e+01
1.314674313512477788e+01
4.146449089183764508e-02
4.561780493801285280e-02
5.101563197063598704e-02
5.586084968119642280e-02
6.253620586358131506e-02
6.821101170072087216e-02
7.406828082268705760e-02
7.960677672516144887e-02
8.824042522019788504e-02
9.186593304579497576e-02
9.868165851356992813e-02
1.047797181731459915e-01
1.087580289450762738e-01
1.100262731525667170e-01
1.171244881504483748e-01
1.199048066052613298e-01
1.234082566683917664e-01
1.368379815641908026e-01
1.458095566039125657e-01
1.499991113207901072e-01
1.558453448141610409e-01
1.651297924804639994e-01
1.711463828752886607e-01
1.816974955634992617e-01
1.868709278242970673e-01
1.945338977052442631e-01
2.020461996936523119e-01
2.117285128986273746e-01
2.165728632039907453e-01
2.310685845568586083e-01
2.421833843976179679e-01
2.440056818902764380e-01
2.525871937999932815e-01
2.599988840277418500e-01
2.728075183572136186e-01
2.822440218357455399e-01
2.985652976797619207e-01
3.043003904462961429e-01
3.162879460050067593e-01
3.352354451284568770e-01
3.410291329860661302e-01
3.472488731438899690e-01
3.547164051439187782e-01
3.649013512937111514e-01
3.808210666752367413e-01
3.935819583971761904e-01
4.028272292024294154e-01
4.137806327840244380e-01
4.454926068367579539e-01
4.545718237012503216e-01
4.632491616642026022e-01
4.759936305488641772e-01
4.956403328115687179e-01
5.134916885736796610e-01
5.231627552999776887e-01
5.518371578933894961e-01
5.560592796235626079e-01
5.748980406194721393e-01
5.835074737562750968e-01
5.945430714269465122e-01
6.200994412288723945e-01
6.280685825772787112e-01
6.618774578477388815e-01
6.885842431136940389e-01
6.977963923036384353e-01
7.149474056604281369e-01
7.377244374074012345e-01
7.712397030188620217e-01
7.952316335040225947e-01
8.206770832629193269e-01
8.313803878465549912e-01
8.341219197412184094e-01
8.705010013333078778e-01
9.024853598855813175e-01
9.281446895634293259e-01
9.635264117315716081e-01
9.780983696657857829e-01
1.011816319729310631e+00
1.049752610300828559e+00
1.090609178215314889e+00
1.150758117243084744e+00
1.190352543677435149e+00
1.236065145729982273e+00
1.263573619241209700e+00
1.364058109010279463e+00
1.391731695468213736e+00
1.469851308319892524e+00
1.568152288238953806e+00
1.640231408130832014e+00
1.716537549071027957e+00
2.024327888475466963e+00
2.303612518515083529e+00
2.620580937435184943e+00
3.023875789882165321e+00
3.422116071195604015e+00
3.891831176268594206e+00
4.440582336264862207e+00
6.327146047123019201e+00
1.248057897484058287e+01
1.304732711980699200e+01
3.667254486883695513e-02
5.226207948702774747e-02
5.770352328756725435e-02
5.949461701987854984e-02
6.564091025986967809e-02
7.274470577669354954e-02
7.607210323289714804e-02
8.177978346767010576e-02
8.819023943702529456e-02
9.337452568792900531e-02
9.652677060793968256e-02
1.083674259894164688e-01
1.116920531070078465e-01
1.203336071137126456e-01
1.245428619471498632e-01
1.271523866345549425e-01
1.328475381239570541e-01
1.369786460195376587e-01
1.557317515934821262e-01
1.576224827374533288e-01
1.636380539207470397e-01
1.697954300645953263e-01
1.728191747342582851e-01
1.830808293452970414e-01
1.861672023989108804e-01
1.960656988435266757e-01
2.135899120353278169e-01
2.181779769881948272e-01
2.231397238800785776e-01
2.313174461365366807e-01
2.421405269224236323e-01
2.469318190108331923e-01
2.502052230117306486e-01
2.714220777744106861e-01
2.814799512798134007e-01
2.998831054093469839e-01
3.061449362526261764e-01
3.122417524579540471e-01
3.149037869062189521e-01
3.246423575262107897e-01
3.282801097188328687e-01
3.510986283432146471e-01
3.559302139269130416e-01
3.801193932612959570e-01
3.870430070487895224e-01
3.928878851197147859e-01
4.163590821212592163e-01
4.318459364083301888e-01
4.400997349321895680e-01
4.449020467845204996e-01
4.533712491933830080e-01
4.878962655866457832e-01
4.994612515228920580e-01
5.217670884860962088e-01
5.337049094427445128e-01
5.447900820176206915e-01
5.667754215420074404e-01
5.919254214686188176e-01
6.175410281125653933e-01
6.251927797931006170e-01
6.289709172711720475e-01
6.394856541246607406e-01
6.671325509231768036e-01
6.773421886747663656e-01
7.123917289499555050e-01
7.477072994997328026e-01
7.836481560566335158e-01
8.022529454847221464e-01
8.173129723275005531e-01
8.271922756068678106e-01
8.417459063426646626e-01
8.467987962199829965e-01
8.831180152970795616e-01
9.314765125601440765e-01
9.814498203357008288e-01
9.920580139184560498e-01
1.009392187119916962e+00
1.052406008416491678e+00
1.081596407068334376e+00
1.154907708786016007e+00
1.179797880882548666e+00
1.213753110024091475e+00
1.249182651763134810e+00
1.378289596634868053e+00
1.390298631936168983e+00
1.476127732979095164e+00
1.496044661414153154e+00
1.561946790505361449e+00
1.633035010831125788e+00
1.904182515261548803e+00
1.944468033871922685e+00
2.345796548110338442e+00
2.624259988355591044e+00
3.073641541959651668e+00
3.205899171906071210e+00
3.859606529015218168e+00
4.438934266820982799e+00
6.335877977417974982e+00
1.160343766858382253e+01
1.287252455061295997e+01
4.053277446988876737e-02
4.892773400179011717e-02
5.311757709822052115e-02
5.874521216608238200e-02
6.720396585349119878e-02
7.445562817784300014e-02
7.533582102430753935e-02
8.630456216592725938e-02
8.829701754059061936e-02
9.263362431239133277e-02
9.727403160171685381e-02
1.057335416028135217e-01
1.094698628714319971e-01
1.170304797198110924e-01
1.224607461001890329e-01
1.280183957602321065e-01
1.387624468653715637e-01
1.501312249192386372e-01
1.547308191856245074e-01
1.601584092851355279e-01
1.704047770671252848e-01
1.807572918337117529e-01
1.810061793299505006e-01
1.818714040518923380e-01
2.001429276361075260e-01
2.025312811603651453e-01
2.091835954989865465e-01
2.188690451610637577e-01
2.239014689934468449e-01
2.305886439987296088e-01
2.417474297090363433e-01
2.586667118745956118e-01
2.613465829050420353e-01
2.790596439239786397e-01
2.830153883105717694e-01
2.861831285074207254e-01
3.083609568692572966e-01
3.141978616045245087e-01
3.194031411745302251e-01
3.294441785590012661e-01
3.388385845734553925e-01
3.530584082722325601e-01
3.703891082273556012e-01
3.826054171997725906e-01
3.842680879663449289e-01
4.066824164315224199e-01
4.136840492883246956e-01
4.268540134968408228e-01
4.393082966696884029e-01
4.631863445412173763e-01
4.780715550695868177e-01
4.946066973511458742e-01
5.047302439816954145e-01
5.177296421019538242e-01
5.423866033481008486e-01
5.711156615854046104e-01
5.777546800157316031e-01
5.866458735819475301e-01
6.045239872390639757e-01
6.251752799119225656e-01
6.436102449831678785e-01
6.499615331009220842e-01
6.737523835532747141e-01
6.928215204007720507e-01
7.109304904588316099e-01
7.378893642567219135e-01
7.551446378603871024e-01
7.647582349084964815e-01
8.055970676188155544e-01
8.147583602092417498e-01
8.585188678944888352e-01
8.759476338410716600e-01
9.138812289278693823e-01
9.556915672260322125e-01
9.913627208616075936e-01
1.028976624221420444e+00
1.054656109451274748e+00
1.060333126447037033e+00
1.116524999704657350e+00
1.174328206677194730e+00
1.221736723116004786e+00
1.238102675684829013e+00
1.274754761891252475e+00
1.371906361433985921e+00
1.427536799103192866e+00
1.507178415352603773e+00
1.587782833078776212e+00
1.613950132423178196e+00
1.768494702069574487e+00
1.919584690618520550e+00
2.012356224246711012e+00
2.405404450040208086e+00
2.602992538269606637e+00
2.994128560030392627e+00
3.332220344874498252e+00
3.928053654753765223e+00
4.314601368209798338e+00
6.234567708804998887e+00
1.095103768684401047e+01
1.268254398280609507e+01
4.050375128207829578e-02
4.702510120685961942e-02
5.118159792389625345e-02
6.108097535859713378e-02
6.678654404906034237e-02
7.410141929304968345e-02
7.968772685425383473e-02
8.565390029151508100e-02
9.117220627125298404e-02
9.537307447153045570e-02
1.008314066308600709e-01
1.037248973756854376e-01
1.084154773621933965e-01
1.164903494137821544e-01
1.195526528576670716e-01
1.278208993214883793e-01
1.307017181457633126e-01
1.442492029194719083e-01
1.463046268287299667e-01
1.564088293596476165e-01
1.651785216823736524e-01
1.706598631839339186e-01
1.797554073148028286e-01
1.842096958848229993e-01
1.968043697998263508e-01
2.048090330722684427e-01
2.170342033763208445e-01
2.207070822958895062e-01
2.250628886944620877e-01
2.318257887085751756e-01
2.404629642963518332e-01
2.532868161386589989e-01
2.605441212386339078e-01
2.773945184351777060e-01
2.925794371868814525e-01
3.031457156943404563e-01
3.099381790399336478e-01
3.117806241274829193e-01
3.212855149537331423e-01
3.393504024459058632e-01
3.562567832172987004e-01
3.619546104673254105e-01
3.739445151010413748e-01
3.808562623516709156e-01
4.076389915809275344e-01
4.180475475789456330e-01
4.364880570625062628e-01
4.462489533141264508e-01
4.613920826856420798e-01
4.787290027873884468e-01
4.818216793666783571e-01
4.916441486224876756e-01
5.181573029684659604e-01
5.332506691660725551e-01
5.440820948392023348e-01
5.628662707147512601e-01
6.001641294500635881e-01
6.053627078342894707e-01
6.221215967089557264e-01
6.337982579279817230e-01
6.542738394114425704e-01
6.582656578575303286e-01
6.637890754343079847e-01
7.011163761258294436e-01
7.261708244349797114e-01
7.759475689366379658e-01
7.878700558276883203e-01
8.148389656429364525e-01
8.319035592313290817e-01
8.345913105514709551e-01
8.750328685127111150e-01
9.074389513921460315e-01
9.182571221272317619e-01
9.444829131181191606e-01
9.509740098811284570e-01
9.727235855195386360e-01
1.053483993060141399e+00
1.064109188356222591e+00
1.084908239610036462e+00
1.140956136465528514e+00
1.143513680646819575e+00
1.207394116427721098e+00
1.228381390885341595e+00
1.308325474322722837e+00
1.396985923704676003e+00
1.453418382023769828e+00
1.541145690000969681e+00
1.597731919092828967e+00
1.651608128285370736e+00
1.869639653406077517e+00
2.229312059778838062e+00
2.259385001700364715e+00
2.497253023076682510e+00
3.074880465266685459e+00
3.395314967604709633e+00
4.024440811463451340e+00
4.466887559234150373e+00
6.096035296058016861e+00
1.103165352138448263e+01
1.259785152560579391e+01
5.170642120378408924e-02
5.390668779155792512e-02
5.815540728915137569e-02
6.121381562136933574e-02
6.554733929452968844e-02
6.974795264502861580e-02
7.343210117357255873e-02
8.166803593265412053e-02
8.517999676619308902e-02
9.169783271789687384e-02
9.691564563203648730e-02
1.093985096185106642e-01
1.133304413780635705e-01
1.237257035263530508e-01
1.268698378198942489e-01
1.345688625259201798e-01
1.383273255852602024e-01
1.466414170244394188e-01
1.553219165926663647e-01
1.596676699575667324e-01
1.649544228305139248e-01
1.709517432714768026e-01
1.739469807607331997e-01
1.799791420622335048e-01
1.980214666628192788e-01
2.041478575446145360e-01
2.103831979068068458e-01
2.217855216928531770e-01
2.282331045408463321e-01
2.344901800092290267e-01
2.372774647971817308e-01
2.516058161244340008e-01
2.641950016671335555e-01
2.777279063801542103e-01
2.880222533203705138e-01
2.929172000210619742e-01
3.033855223950410740e-01
3.126886645702571799e-01
3.270382190960698932e-01
3.390142447157541428e-01
3.519944555476534620e-01
3.594810409963400399e-01
3.696462857592704987e-01
3.839181531444298412e-01
3.914341375885733720e-01
3.991341917214805690e-01
4.019031508526416108e-01
4.207459724900738940e-01
4.363425410328198306e-01
4.565963340991914254e-01
4.755907648200902726e-01
4.931331537426714706e-01
4.982474418314852826e-01
5.101839689146354662e-01
5.381054832223504114e-01
5.598076420066048220e-01
5.712115132520970695e-01
5.954827211732921510e-01
6.071857414563713862e-01
6.136823696195288225e-01
6.362882045677928922e-01
6.579373532204484398e-01
6.753157812653980407e-01
6.877801722386859273e-01
7.040759175250362878e-01
7.438790583772557641e-01
7.642757370110807580e-01
7.721245222137127495e-01
7.834141560131817617e-01
8.075462738591171474e-01
8.501533096840973025e-01
8.684617071491564921e-01
9.410204594513656984e-01
9.641225320580415481e-01
1.003852959072374817e+00
1.026461074684798191e+00
1.040358086084565814e+00
1.077164872436541243e+00
1.108684610889014488e+00
1.135119874531989481e+00
1.170082890671815035e+00
1.193046634926802074e+00
1.271065104299977655e+00
1.402075692410479135e+00
1.422319872146274422e+00
1.495394918448777144e+00
1.513829178759650063e+00
1.653840731855948265e+00
1.752929795950374237e+00
1.840227583472549666e+00
2.064678537773953604e+00
2.318222216350260823e+00
2.568439974690528871e+00
3.313579312536499621e+00
3.713509589881876849e+00
3.816697167908953858e+00
4.319979044473324592e+00
5.970473260666247839e+00
1.077677604128317057e+01
1.286317989542123463e+01
